0 69 0.7418  
0 60 0.4546  
0 176 0.0053  
0 326 0.3932  
0 57 0.4565  
0 411 0.3686  
1 333 0.5655  
1 221 0.0636  
1 390 0.7714  
1 412 0.0188  
1 814 0.8663  
1 108 0.6624  
1 126 0.3246  
1 449 0.5897  
1 758 0.6691  
1 961 0.881  
1 783 0.6119  
1 7 0.8731  
2 561 0.7092  
2 327 0.8127  
2 304 0.1092  
2 75 0.3357  
2 173 0.6313  
2 506 0.2694  
2 838 0.5519  
2 312 0.9715  
2 787 0.3045  
2 932 0.1375  
2 145 0.3534  
2 465 0.5049  
2 933 0.4323  
3 660 0.8928  
3 402 0.4135  
3 514 0.8259  
3 88 0.2703  
3 365 0.215  
3 162 0.5052  
3 304 0.9053  
3 520 0.8404  
4 494 0.3178  
4 685 0.2997  
4 648 0.3011  
4 863 0.9957  
4 252 0.8003  
4 810 0.1722  
4 434 0.0611  
4 435 0.9993  
4 75 0.5451  
4 616 0.7795  
4 178 0.2567  
4 354 0.8886  
4 302 0.5754  
5 397 0.19  
5 668 0.7541  
5 255 0.9907  
5 924 0.3426  
5 324 0.9794  
5 163 0.6542  
5 939 0.3567  
6 71 0.7187  
6 948 0.747  
6 378 0.9405  
6 335 0.6452  
6 16 0.5804  
6 803 0.9197  
6 791 0.5987  
6 776 0.3369  
6 555 0.6302  
6 441 0.3607  
7 362 0.1876  
7 94 0.1489  
7 943 0.6205  
7 955 0.4414  
7 550 0.2268  
7 607 0.4655  
7 887 0.48  
7 508 0.112  
7 964 0.7026  
7 640 0.6804  
7 743 0.3739  
7 523 0.7667  
7 521 0.8734  
7 514 0.7783  
8 516 0.955  
8 714 0.2436  
8 183 0.6309  
8 205 0.981  
8 570 0.1297  
8 487 0.0313  
8 755 0.6047  
9 923 0.4333  
9 619 0.5593  
9 793 0.1257  
9 456 0.1261  
9 300 0.9853  
9 79 0.5065  
9 187 0.3589  
9 729 0.395  
9 342 0.4386  
10 182 0.5571  
10 509 0.3163  
10 95 0.9154  
10 955 0.1673  
10 649 0.4671  
10 257 0.0852  
10 784 0.9887  
10 766 0.5594  
10 883 0.4165  
10 616 0.1398  
11 119 0.7809  
11 233 0.6572  
11 105 0.6992  
11 95 0.7221  
11 443 0.3777  
11 202 0.9718  
11 715 0.2236  
12 388 0.9543  
12 288 0.9621  
12 166 0.7654  
12 272 0.2084  
12 184 0.0053  
12 584 0.2894  
12 74 0.1003  
12 23 0.2227  
12 968 0.5662  
12 243 0.0724  
12 858 0.5092  
12 944 0.5113  
12 393 0.5445  
13 374 0.2671  
13 957 0.6394  
13 243 0.1173  
13 609 0.4915  
13 775 0.3448  
13 131 0.6363  
13 729 0.5057  
13 192 0.712  
13 111 0.9411  
13 486 0.0959  
13 647 0.7599  
14 491 0.5333  
14 830 0.3558  
14 801 0.9683  
14 478 0.7743  
14 576 0.8488  
15 919 0.3741  
15 555 0.1441  
15 335 0.9485  
15 54 0.0346  
15 24 0.238  
15 421 0.688  
15 20 0.4076  
16 163 0.6474  
16 318 0.6249  
16 133 0.154  
16 743 0.6428  
16 53 0.2343  
16 817 0.0354  
16 560 0.998  
16 35 0.0527  
16 942 0.6535  
16 735 0.087  
16 224 0.5629  
16 518 0.9299  
16 870 0.6741  
17 803 0.8674  
17 266 0.3694  
17 852 0.9443  
17 814 0.4695  
17 866 0.0779  
17 410 0.2347  
17 381 0.5163  
18 493 0.2603  
18 227 0.2698  
18 198 0.5465  
18 786 0.7949  
18 876 0.4114  
18 546 0.6227  
18 489 0.7536  
19 826 0.7875  
19 486 0.5547  
19 159 0.2684  
19 155 0.1169  
19 981 0.2469  
19 217 0.6555  
19 735 0.3531  
19 263 0.4325  
19 762 0.0875  
19 843 0.4643  
19 912 0.3584  
19 734 0.6926  
20 784 0.5745  
20 223 0.9172  
20 409 0.9258  
20 210 0.5276  
20 484 0.8838  
20 768 0.8312  
20 59 0.7801  
20 862 0.0703  
21 85 0.3382  
21 361 0.6226  
21 690 0.6331  
21 510 0.0091  
21 806 0.8785  
21 56 0.3225  
21 581 0.995  
21 462 0.9435  
22 801 0.7439  
22 553 0.6062  
22 913 0.7318  
22 828 0.8776  
22 737 0.5178  
22 741 0.2969  
22 721 0.158  
22 309 0.2297  
22 320 0.1157  
22 892 0.2732  
23 584 0.8559  
23 230 0.2693  
23 857 0.8727  
23 487 0.6601  
23 197 0.1268  
23 309 0.2877  
23 892 0.8677  
23 692 0.3871  
23 342 0.1261  
23 132 0.1444  
23 840 0.3652  
23 446 0.8851  
24 576 0.6313  
24 758 0.2765  
24 843 0.3915  
24 541 0.9479  
24 670 0.4514  
24 355 0.0271  
25 409 0.7031  
25 256 0.2193  
25 877 0.6392  
25 353 0.9084  
25 778 0.1992  
25 969 0.1262  
26 851 0.7659  
26 654 0.0444  
26 386 0.9874  
26 396 0.3801  
26 745 0.8401  
26 135 0.5683  
26 126 0.8685  
26 994 0.6954  
27 306 0.351  
27 664 0.7221  
27 606 0.222  
27 869 0.3817  
27 189 0.5746  
27 878 0.4814  
27 963 0.814  
27 239 0.5838  
27 972 0.1948  
27 666 0.9116  
28 420 0.8196  
28 469 0.423  
28 813 0.9181  
28 723 0.3766  
28 166 0.2956  
28 991 0.4526  
28 53 0.9473  
28 704 0.7392  
29 916 0.0423  
29 249 0.9432  
29 767 0.6936  
29 571 0.0565  
29 193 0.212  
29 651 0.3398  
29 801 0.7336  
30 514 0.4053  
30 583 0.6138  
30 966 0.0192  
30 635 0.1824  
30 313 0.4601  
30 404 0.8405  
30 919 0.63  
30 658 0.0989  
31 671 0.4707  
31 311 0.2109  
31 333 0.0391  
31 100 0.0736  
31 359 0.2008  
31 511 0.2331  
31 164 0.2517  
31 516 0.8373  
31 922 0.8913  
31 249 0.8508  
31 678 0.5446  
31 557 0.4908  
31 619 0.9097  
31 990 0.0244  
31 306 0.5721  
31 829 0.5855  
32 354 0.3972  
32 76 0.0022  
32 123 0.3882  
32 44 0.1555  
32 906 0.5451  
32 300 0.9661  
32 952 0.2011  
32 436 0.3446  
32 141 0.2484  
32 961 0.6459  
32 675 0.1079  
32 826 0.4922  
32 497 0.3489  
33 270 0.2051  
33 850 0.9715  
33 827 0.4966  
33 251 0.0643  
33 486 0.1566  
33 971 0.3054  
33 587 0.5342  
34 745 0.1174  
34 342 0.2562  
34 284 0.4172  
34 896 0.5098  
34 729 0.0766  
34 762 0.7199  
35 488 0.8845  
35 183 0.9374  
35 742 0.9184  
35 881 0.8535  
35 147 0.2454  
35 335 0.9302  
35 83 0.0708  
35 838 0.523  
36 123 0.6513  
36 382 0.2662  
36 280 0.1939  
36 767 0.9941  
36 442 0.436  
36 415 0.7496  
36 699 0.5832  
36 565 0.7553  
36 967 0.534  
37 783 0.2794  
37 590 0.1532  
37 463 0.3018  
37 677 0.6988  
38 214 0.8175  
38 158 0.9724  
38 150 0.0113  
38 998 0.7267  
38 590 0.4002  
38 777 0.0851  
38 170 0.8524  
38 349 0.1781  
38 712 0.0967  
38 133 0.745  
39 906 0.6801  
39 422 0.4312  
39 656 0.0873  
39 453 0.5205  
39 756 0.47  
39 796 0.0628  
39 329 0.9809  
40 376 0.6038  
40 113 0.1003  
40 288 0.9114  
40 316 0.7705  
40 347 0.6214  
40 827 0.9966  
40 324 0.4626  
40 745 0.7493  
40 95 0.0188  
41 191 0.4362  
41 127 0.2631  
41 882 0.8777  
41 429 0.4478  
41 219 0.4193  
41 505 0.0856  
41 683 0.3415  
41 341 0.1486  
42 106 0.5146  
42 97 0.257  
42 777 0.2147  
42 430 0.2882  
42 335 0.8067  
42 189 0.2782  
42 502 0.1218  
42 693 0.1826  
42 641 0.6205  
42 342 0.2338  
42 782 0.4095  
43 806 0.9764  
43 338 0.0266  
43 715 0.1186  
43 336 0.7246  
43 689 0.5529  
43 480 0.8179  
43 704 0.2018  
43 766 0.3668  
43 168 0.0827  
43 769 0.8454  
43 488 0.8497  
43 141 0.6882  
44 573 0.8651  
44 784 0.2334  
44 361 0.1559  
44 227 0.0322  
44 925 0.1255  
45 256 0.6973  
45 170 0.3115  
45 243 0.0209  
45 500 0.8712  
45 756 0.9214  
45 662 0.0303  
45 431 0.3897  
45 547 0.0412  
45 598 0.1839  
45 821 0.4948  
46 275 0.2095  
46 366 0.5322  
46 941 0.8361  
46 406 0.4642  
46 354 0.4523  
46 87 0.3946  
47 580 0.8202  
47 313 0.4846  
47 54 0.5011  
47 642 0.4168  
47 771 0.4031  
47 570 0.663  
47 433 0.9926  
47 290 0.7601  
48 490 0.3479  
48 300 0.4369  
48 277 0.9052  
48 701 0.848  
48 852 0.7016  
48 873 0.0514  
49 289 0.4051  
49 845 0.2824  
49 543 0.8816  
49 900 0.1622  
49 945 0.9785  
49 365 0.4365  
49 322 0.8722  
49 84 0.8223  
49 494 0.0208  
49 719 0.6004  
49 875 0.7957  
49 904 0.6562  
50 723 0.381  
50 830 0.6035  
50 553 0.4273  
50 964 0.8288  
50 780 0.4034  
50 534 0.5919  
50 177 0.019  
51 229 0.337  
51 311 0.223  
52 509 0.5182  
52 518 0.078  
52 935 0.6123  
52 595 0.7652  
52 344 0.4275  
52 428 0.3568  
52 575 0.3734  
52 145 0.7179  
52 859 0.8079  
52 336 0.469  
53 547 0.798  
53 408 0.5724  
53 617 0.4844  
53 170 0.4918  
53 559 0.599  
53 808 0.9213  
53 107 0.3101  
53 918 0.4044  
54 456 0.2671  
54 904 0.5183  
54 939 0.8916  
54 776 0.1691  
54 416 0.1151  
54 636 0.4968  
54 632 0.9961  
54 96 0.7602  
54 746 0.1078  
54 65 0.5877  
55 508 0.1253  
55 634 0.1706  
55 191 0.6972  
55 913 0.68  
55 484 0.8491  
55 847 0.5934  
55 754 0.3711  
55 156 0.7598  
56 221 0.0558  
56 603 0.6783  
56 225 0.4481  
56 538 0.1656  
56 473 0.089  
56 815 0.5653  
56 509 0.0916  
57 85 0.1831  
57 382 0.232  
57 901 0.9199  
57 110 0.9066  
57 753 0.0515  
57 879 0.3676  
57 492 0.2089  
58 639 0.365  
58 401 0.8711  
59 601 0.4091  
59 988 0.4402  
59 333 0.5151  
59 795 0.9722  
59 140 0.8393  
59 408 0.4455  
59 875 0.9862  
59 905 0.4618  
60 68 0.9749  
60 297 0.0762  
60 948 0.7063  
61 369 0.2463  
61 90 0.9427  
61 436 0.7105  
61 769 0.4771  
61 863 0.0883  
61 607 0.0601  
61 72 0.2881  
62 469 0.8113  
62 206 0.7923  
62 198 0.6247  
62 928 0.758  
62 962 0.5152  
62 584 0.4963  
62 488 0.1157  
62 96 0.2865  
62 481 0.0527  
62 417 0.1094  
63 935 0.934  
63 129 0.9816  
63 534 0.0608  
63 131 0.334  
63 483 0.1392  
63 491 0.9663  
63 622 0.473  
64 130 0.5315  
64 815 0.433  
64 762 0.828  
64 81 0.1403  
64 812 0.2703  
64 292 0.0612  
64 497 0.1194  
64 719 0.9148  
65 123 0.8444  
65 522 0.1134  
65 893 0.9998  
65 843 0.2467  
65 842 0.6551  
65 583 0.8244  
65 504 0.4107  
66 583 0.4386  
66 119 0.4614  
66 190 0.9385  
66 426 0.0186  
66 292 0.0253  
66 312 0.6133  
66 359 0.5097  
66 366 0.8479  
67 793 0.1921  
67 394 0.2409  
67 278 0.2592  
67 873 0.5468  
67 287 0.3038  
67 737 0.4692  
67 829 0.6946  
67 554 0.7769  
67 415 0.6382  
67 272 0.3375  
67 68 0.6688  
67 690 0.1079  
67 325 0.9848  
67 79 0.5358  
68 499 0.2032  
68 233 0.136  
68 665 0.9194  
68 975 0.0855  
68 189 0.1134  
68 442 0.7437  
68 206 0.2698  
68 607 0.1105  
68 689 0.5276  
68 179 0.2443  
69 74 0.6968  
69 491 0.0637  
69 180 0.1533  
69 102 0.2652  
69 734 0.4966  
69 383 0.639  
69 497 0.9317  
69 680 0.8996  
69 322 0.631  
69 113 0.6005  
69 106 0.5579  
69 748 0.9032  
69 384 0.5549  
70 801 0.4303  
70 273 0.6859  
70 246 0.8697  
70 499 0.9205  
70 128 0.0036  
70 739 0.3861  
70 879 0.7494  
70 462 0.4004  
70 865 0.2485  
71 333 0.3826  
71 110 0.0202  
71 437 0.9688  
71 147 0.9345  
72 767 0.6542  
72 169 0.7124  
72 147 0.0764  
72 108 0.4721  
72 265 0.6519  
72 785 0.2566  
72 988 0.3037  
72 849 0.166  
72 510 0.1157  
72 181 0.3889  
72 349 0.4008  
73 199 0.6618  
73 770 0.999  
73 288 0.2653  
73 568 0.4701  
73 590 0.6632  
73 457 0.8054  
73 555 0.7342  
73 163 0.599  
73 102 0.0475  
73 272 0.8437  
74 480 0.5243  
74 348 0.8043  
74 728 0.7418  
74 606 0.8435  
74 414 0.1806  
74 380 0.0115  
74 737 0.0298  
74 667 0.9545  
74 151 0.6308  
74 654 0.8399  
74 186 0.5901  
74 553 0.5029  
75 286 0.7293  
75 709 0.4359  
75 187 0.6549  
75 346 0.9213  
75 545 0.9482  
75 327 0.5108  
75 583 0.451  
75 201 0.3021  
76 697 0.2206  
76 345 0.4747  
76 310 0.8062  
76 622 0.6238  
76 630 0.5053  
76 415 0.3519  
76 603 0.7428  
76 179 0.9428  
76 778 0.6936  
76 540 0.4837  
76 204 0.6073  
77 469 0.9093  
77 924 0.1945  
77 859 0.4519  
77 155 0.4568  
77 959 0.2166  
77 934 0.6  
77 532 0.9509  
77 366 0.3946  
78 598 0.1433  
78 338 0.4098  
78 205 0.7523  
78 295 0.0218  
78 203 0.9179  
78 274 0.3786  
78 680 0.3444  
78 124 0.9478  
78 650 0.3142  
79 829 0.6859  
79 577 0.2515  
80 675 0.4268  
80 793 0.3867  
80 796 0.7659  
80 667 0.4467  
80 834 0.6305  
80 508 0.7586  
80 498 0.7007  
80 207 0.8116  
80 630 0.2824  
80 288 0.6734  
80 867 0.1606  
81 644 0.2786  
81 735 0.3899  
81 488 0.4291  
81 695 0.7387  
81 861 0.1772  
81 827 0.2322  
81 415 0.7908  
81 572 0.7216  
81 618 0.0146  
81 950 0.8703  
81 868 0.4159  
81 716 0.6148  
81 619 0.0055  
82 422 0.7626  
82 947 0.4717  
82 982 0.2137  
82 732 0.2924  
82 377 0.8321  
82 906 0.5512  
82 180 0.8135  
82 671 0.1571  
82 206 0.3175  
82 393 0.4889  
82 757 0.5393  
82 165 0.5377  
83 860 0.4325  
83 708 0.0609  
83 200 0.6303  
83 570 0.3561  
83 892 0.422  
83 798 0.3657  
83 668 0.191  
84 533 0.2369  
84 951 0.3897  
84 773 0.4377  
84 933 0.2705  
84 375 0.1956  
84 183 0.449  
84 273 0.2739  
85 221 0.9894  
85 540 0.0549  
85 354 0.4182  
85 925 0.4877  
85 272 0.0474  
85 535 0.4255  
85 297 0.3138  
85 316 0.3393  
86 916 0.0223  
86 887 0.6578  
86 399 0.8847  
86 959 0.4924  
86 307 0.6185  
86 519 0.9644  
86 237 0.4219  
87 997 0.1043  
87 123 0.2096  
87 692 0.9157  
87 307 0.5082  
87 887 0.0363  
87 797 0.6023  
87 751 0.5978  
87 886 0.1476  
87 817 0.7396  
87 668 0.1798  
88 859 0.2537  
88 498 0.4812  
88 643 0.8513  
88 467 0.7462  
88 92 0.2206  
88 238 0.1145  
88 769 0.0683  
89 891 0.1676  
89 514 0.8464  
89 671 0.6483  
89 915 0.8858  
89 593 0.4315  
89 603 0.1567  
89 685 0.7893  
89 148 0.5861  
89 260 0.254  
90 437 0.1493  
90 953 0.6667  
90 378 0.0288  
90 965 0.1511  
90 467 0.1854  
90 799 0.575  
90 351 0.0314  
91 240 0.8481  
91 730 0.6988  
91 269 0.5953  
91 704 0.1255  
91 160 0.734  
91 126 0.5365  
91 958 0.9129  
92 152 0.6851  
92 343 0.7151  
92 170 0.9445  
92 970 0.5068  
92 338 0.8321  
93 128 0.8388  
93 266 0.5603  
93 492 0.0649  
93 168 0.8408  
93 890 0.2385  
93 192 0.3713  
93 921 0.2121  
93 740 0.6785  
93 657 0.1044  
93 713 0.7217  
93 466 0.1455  
93 229 0.3559  
94 479 0.3068  
94 607 0.04  
94 753 0.8527  
94 526 0.4298  
94 248 0.2444  
94 861 0.6887  
94 281 0.3302  
94 724 0.565  
94 290 0.7556  
95 288 0.6704  
95 382 0.6578  
95 844 0.344  
95 102 0.3378  
95 223 0.4472  
95 194 0.3226  
95 109 0.7034  
95 618 0.1102  
95 600 0.4271  
95 399 0.9759  
95 446 0.709  
96 503 0.1612  
96 396 0.1961  
96 423 0.5518  
96 248 0.0418  
96 937 0.1191  
96 875 0.0832  
96 230 0.586  
96 123 0.6664  
96 422 0.1971  
97 798 0.3837  
97 687 0.3487  
97 370 0.5046  
97 554 0.0601  
97 842 0.0587  
98 555 0.1692  
98 126 0.3644  
98 292 0.4306  
98 551 0.668  
98 361 0.6482  
98 446 0.0572  
98 234 0.9277  
98 691 0.3174  
98 401 0.6357  
99 871 0.6566  
99 675 0.9484  
99 696 0.0893  
99 580 0.2047  
99 495 0.5627  
99 864 0.5926  
99 463 0.0468  
99 284 0.4566  
99 500 0.4951  
99 325 0.2315  
99 245 0.0298  
100 591 0.0803  
100 863 0.3258  
100 377 0.6986  
100 961 0.8351  
100 596 0.0335  
100 298 0.8021  
100 701 0.2951  
100 582 0.9613  
100 450 0.9191  
100 169 0.5416  
100 366 0.1564  
100 123 0.751  
101 417 0.8747  
101 371 0.163  
101 730 0.3498  
101 271 0.8772  
101 923 0.8441  
101 483 0.786  
101 388 0.5219  
101 454 0.4871  
101 688 0.4096  
102 701 0.5937  
102 282 0.6538  
102 303 0.8298  
102 592 0.1122  
102 644 0.3753  
102 576 0.5799  
102 179 0.9395  
103 790 0.0687  
103 220 0.689  
103 810 0.5769  
103 359 0.1985  
103 751 0.4093  
103 834 0.4992  
103 466 0.2918  
103 166 0.2326  
104 573 0.1875  
104 978 0.5396  
104 205 0.9389  
104 234 0.1213  
104 395 0.0103  
104 329 0.4591  
104 217 0.2458  
104 747 0.0078  
104 388 0.806  
104 519 0.9198  
105 811 0.41  
105 596 0.2031  
105 579 0.1592  
105 587 0.5899  
105 441 0.7898  
105 820 0.8753  
106 175 0.1945  
106 279 0.3536  
106 320 0.3325  
106 653 0.5949  
106 876 0.0458  
107 460 0.3869  
107 284 0.8011  
107 237 0.0296  
107 875 0.1145  
107 909 0.359  
107 600 0.449  
108 681 0.6034  
108 679 0.6135  
108 838 0.0431  
108 168 0.138  
108 255 0.5559  
108 338 0.7595  
108 770 0.5154  
108 146 0.3199  
108 116 0.8167  
108 499 0.6145  
108 301 0.0077  
108 527 0.5224  
108 392 0.1139  
109 445 0.759  
109 519 0.1863  
109 395 0.8403  
109 162 0.1852  
109 504 0.8923  
109 294 0.8468  
109 392 0.5825  
110 270 0.3563  
110 989 0.1557  
110 366 0.9256  
110 125 0.509  
110 566 0.1692  
110 768 0.0949  
110 477 0.5196  
111 627 0.5635  
111 342 0.1551  
111 131 0.8208  
111 181 0.4415  
111 579 0.7521  
111 328 0.0365  
111 905 0.6934  
111 200 0.3468  
111 274 0.2701  
112 287 0.1047  
112 354 0.3571  
112 908 0.5509  
112 952 0.0382  
112 781 0.9938  
112 835 0.5263  
112 333 0.7917  
112 957 0.3888  
112 758 0.0294  
112 946 0.3435  
113 263 0.7658  
113 654 0.9347  
113 927 0.3842  
113 558 0.2943  
113 708 0.751  
113 470 0.4286  
113 643 0.3389  
114 186 0.6262  
114 347 0.5241  
114 764 0.1922  
114 192 0.3029  
114 992 0.2959  
114 266 0.3908  
115 464 0.6309  
115 542 0.8451  
115 771 0.2338  
115 259 0.8431  
115 731 0.4968  
115 684 0.4271  
115 831 0.5481  
115 525 0.5386  
115 832 0.4046  
115 223 0.8496  
116 231 0.1278  
116 591 0.6189  
116 353 0.8205  
116 386 0.2744  
117 722 0.18  
117 470 0.5539  
117 911 0.5894  
117 224 0.4716  
117 660 0.9342  
117 915 0.5241  
118 737 0.6123  
118 580 0.5708  
118 187 0.5663  
118 505 0.6661  
118 307 0.8728  
118 630 0.9031  
119 972 0.6223  
119 460 0.9829  
119 163 0.8497  
119 327 0.0913  
119 231 0.5711  
119 413 0.3135  
119 379 0.3225  
119 648 0.3848  
119 185 0.5968  
119 633 0.0715  
120 751 0.3277  
120 471 0.842  
120 767 0.0442  
120 938 0.1738  
120 305 0.3851  
120 841 0.3957  
120 531 0.6235  
120 130 0.5448  
120 613 0.4072  
121 162 0.4355  
121 875 0.4333  
121 872 0.2612  
121 225 0.5272  
122 412 0.5747  
122 391 0.0518  
122 285 0.0714  
122 260 0.0433  
123 243 0.8589  
123 741 0.6669  
123 930 0.1831  
123 670 0.5121  
123 931 0.6587  
123 196 0.448  
124 689 0.6809  
124 904 0.293  
124 994 0.5783  
124 308 0.8276  
125 699 0.8141  
125 771 0.6685  
125 843 0.469  
125 321 0.0042  
125 940 0.76  
125 507 0.4968  
125 723 0.7739  
125 824 0.8032  
125 416 0.0131  
125 974 0.0569  
125 441 0.6261  
126 792 0.675  
126 756 0.6173  
126 979 0.2382  
126 535 0.8495  
126 704 0.0233  
126 128 0.7403  
126 574 0.7953  
126 819 0.6557  
126 666 0.516  
126 152 0.2381  
127 560 0.7891  
127 278 0.3515  
127 542 0.0139  
127 831 0.7588  
127 532 0.9572  
127 521 0.7534  
128 290 0.7228  
128 454 0.8794  
128 424 0.6141  
128 783 0.5756  
128 572 0.7858  
128 940 0.58  
128 693 0.0356  
128 266 0.3204  
128 451 0.7194  
128 383 0.2177  
128 587 0.8312  
129 760 0.7762  
129 998 0.1446  
129 214 0.8326  
129 646 0.1416  
130 308 0.6094  
130 770 0.9383  
130 691 0.8531  
130 804 0.1429  
130 557 0.7826  
130 599 0.9334  
130 519 0.7423  
130 850 0.0709  
130 407 0.1823  
130 841 0.0869  
130 658 0.0272  
130 546 0.3732  
131 806 0.8629  
131 748 0.4494  
131 487 0.1447  
131 262 0.9382  
131 541 0.176  
132 619 0.139  
132 217 0.9405  
132 196 0.2368  
132 376 0.2103  
132 293 0.9388  
132 647 0.9586  
132 186 0.9083  
133 326 0.5711  
133 178 0.526  
133 318 0.6279  
133 809 0.0838  
134 165 0.5827  
134 138 0.6643  
134 367 0.1541  
134 772 0.9405  
134 963 0.1765  
134 309 0.5099  
134 725 0.578  
134 928 0.9112  
134 418 0.6748  
134 412 0.9014  
135 275 0.5355  
135 768 0.2554  
135 652 0.9309  
135 238 0.183  
135 201 0.3381  
135 295 0.1796  
135 674 0.3621  
136 766 0.0918  
136 701 0.3047  
136 534 0.4943  
136 518 0.628  
136 205 0.3598  
136 796 0.7956  
137 471 0.6481  
137 780 0.1352  
137 444 0.3861  
137 687 0.004  
137 229 0.6503  
137 208 0.6095  
138 481 0.3472  
138 601 0.2505  
138 961 0.682  
138 562 0.9868  
138 928 0.7892  
138 662 0.8086  
138 509 0.7008  
138 500 0.1191  
139 893 0.2176  
139 888 0.9183  
139 372 0.1148  
139 935 0.537  
139 711 0.6801  
139 903 0.4254  
139 191 0.2411  
139 758 0.0128  
139 382 0.8234  
140 623 0.1883  
140 665 0.0587  
140 199 0.483  
141 324 0.9082  
141 626 0.2599  
141 563 0.7289  
141 442 0.2014  
141 248 0.6966  
141 168 0.4266  
141 865 0.4103  
141 916 0.1989  
141 974 0.7678  
141 691 0.5092  
141 879 0.7866  
141 210 0.1933  
142 216 0.6816  
142 337 0.2185  
142 434 0.1171  
142 624 0.2311  
142 989 0.3653  
142 422 0.1114  
142 162 0.2591  
142 913 0.7979  
143 500 0.0175  
143 906 0.8228  
143 250 0.9962  
143 533 0.6743  
143 800 0.3936  
144 812 0.5877  
144 948 0.3598  
144 523 0.7228  
144 402 0.599  
144 234 0.0963  
144 881 0.6472  
145 161 0.7419  
145 802 0.9259  
145 812 0.9366  
145 645 0.9443  
145 241 0.126  
145 705 0.0502  
145 165 0.0359  
145 495 0.1475  
145 967 0.2685  
145 394 0.4183  
145 227 0.9837  
145 324 0.5322  
146 625 0.5771  
146 895 0.9216  
146 791 0.5432  
146 197 0.102  
146 880 0.3119  
146 995 0.1899  
146 286 0.6214  
146 894 0.9024  
146 879 0.7135  
146 373 0.0787  
146 398 0.6461  
146 535 0.7909  
146 630 0.79  
147 284 0.1951  
147 306 0.3318  
147 603 0.8245  
147 234 0.8023  
147 972 0.8965  
147 275 0.9986  
148 236 0.8912  
148 734 0.1021  
148 996 0.3638  
148 650 0.9727  
148 185 0.4454  
148 647 0.5401  
148 369 0.8903  
148 192 0.233  
149 835 0.7152  
149 322 0.6487  
149 746 0.2317  
149 687 0.1372  
149 278 0.5951  
149 269 0.1638  
149 995 0.2845  
149 635 0.2055  
149 218 0.6083  
150 619 0.8715  
150 783 0.732  
150 358 0.7517  
150 572 0.7347  
150 659 0.2655  
151 236 0.0657  
151 414 0.7213  
151 810 0.1486  
151 900 0.4767  
151 966 0.8217  
151 478 0.6887  
152 497 0.4067  
152 997 0.0366  
152 937 0.2559  
152 509 0.9355  
152 659 0.6259  
152 643 0.5335  
152 182 0.3177  
152 869 0.8549  
153 939 0.5989  
153 825 0.0547  
153 276 0.811  
153 737 0.4584  
153 181 0.1718  
153 982 0.4972  
153 606 0.2311  
153 551 0.8405  
153 516 0.1975  
153 711 0.1466  
154 748 0.8803  
154 413 0.1304  
154 760 0.6107  
154 576 0.2805  
154 256 0.5221  
154 495 0.1664  
154 682 0.7688  
154 767 0.4039  
154 477 0.1436  
155 171 0.2741  
155 809 0.8435  
155 187 0.4232  
155 998 0.5904  
155 789 0.1255  
155 252 0.6765  
155 363 0.9749  
156 619 0.4857  
156 985 0.4451  
156 975 0.462  
156 521 0.3878  
156 663 0.1474  
156 594 0.8927  
157 884 0.8245  
157 907 0.3868  
157 503 0.2806  
157 755 0.8309  
157 708 0.948  
157 797 0.2842  
157 277 0.7406  
157 521 0.2598  
158 562 0.6294  
158 406 0.8418  
158 850 0.781  
158 221 0.4246  
158 271 0.9206  
158 923 0.6027  
158 942 0.3265  
158 391 0.9819  
159 611 0.0798  
159 286 0.4949  
159 262 0.7337  
159 582 0.6708  
159 708 0.9355  
159 342 0.7174  
159 976 0.815  
159 302 0.3371  
159 251 5.0E-4  
160 488 0.4856  
160 738 0.8709  
160 163 0.93  
160 167 0.1411  
160 251 0.1815  
160 885 0.6001  
160 786 0.6433  
160 283 0.163  
160 721 0.2485  
160 535 0.8764  
161 466 0.6862  
161 887 0.8238  
161 401 0.2935  
161 360 0.2038  
161 286 0.0754  
161 911 0.2718  
161 505 0.3645  
161 216 0.6672  
161 522 0.9929  
161 234 0.1032  
162 916 0.7896  
162 564 0.4159  
162 584 0.029  
162 498 0.1192  
162 507 0.6826  
162 894 0.3391  
162 415 0.7642  
162 662 0.2181  
162 481 0.4015  
162 957 0.3328  
162 787 0.8141  
163 473 0.7143  
163 259 0.7109  
163 394 0.1272  
163 364 0.4345  
163 954 0.8587  
163 274 0.1972  
164 619 0.9474  
164 629 0.009  
164 227 0.6324  
164 882 0.5381  
165 192 0.3841  
165 895 0.0801  
165 249 0.12  
165 365 0.5496  
165 170 0.7776  
165 613 0.2017  
165 556 0.4743  
165 669 0.8211  
166 951 0.8102  
166 546 0.6698  
166 884 0.1529  
166 624 0.6512  
166 696 0.2624  
166 908 0.9325  
166 336 0.5466  
167 484 0.6026  
167 756 0.3849  
167 476 0.3852  
167 896 0.5095  
167 834 0.4183  
167 941 0.6375  
167 389 0.4357  
167 651 0.3549  
167 845 0.6256  
167 378 0.8496  
167 313 0.8621  
168 768 0.3152  
168 883 0.7994  
168 625 0.6758  
168 619 0.0768  
168 431 0.9565  
168 839 0.002  
169 738 0.9026  
169 655 0.2161  
169 526 0.5883  
169 602 0.6709  
169 599 0.4705  
169 379 0.0613  
169 319 0.077  
170 524 0.1527  
170 900 0.511  
170 664 0.3312  
170 626 0.8283  
170 510 0.7643  
170 517 0.0597  
171 240 0.8315  
171 370 0.7747  
171 643 0.411  
171 560 0.5295  
171 416 0.5821  
171 866 0.2008  
171 915 0.1919  
172 317 0.2003  
172 744 0.4929  
172 239 0.2817  
172 526 0.0074  
172 601 0.2626  
173 241 0.3579  
173 830 0.278  
174 729 0.0375  
174 660 0.1268  
174 996 0.0927  
174 362 0.2008  
175 746 0.8714  
175 361 0.0085  
175 744 0.4703  
175 348 0.2404  
175 431 0.7723  
175 774 0.439  
175 194 0.968  
176 319 0.513  
176 469 0.7861  
176 810 0.1889  
176 797 0.4532  
176 292 0.1106  
176 452 0.5026  
176 787 0.0355  
177 533 0.6608  
177 286 0.3658  
177 754 0.0773  
177 471 0.9665  
177 620 0.9128  
177 521 0.5238  
177 279 0.7482  
177 238 0.3053  
178 715 0.0478  
178 747 0.5622  
178 503 0.6494  
178 802 0.5741  
179 462 0.4336  
179 963 0.2513  
179 839 0.4276  
179 610 0.075  
179 236 0.4146  
179 662 0.9719  
179 346 0.2814  
179 566 0.442  
179 302 0.1505  
179 940 0.5641  
180 866 0.0324  
180 533 0.5809  
180 237 0.6505  
180 645 0.0627  
180 769 0.2099  
180 377 0.639  
180 469 0.2631  
180 894 0.0624  
180 556 7.0E-4  
180 323 0.6036  
180 498 0.7188  
180 293 0.1987  
181 261 0.6539  
181 628 0.12  
181 857 0.7968  
181 510 0.5102  
182 321 0.9007  
182 774 0.0713  
182 674 0.13  
182 549 0.4864  
182 600 0.5198  
182 872 0.9444  
183 340 0.0646  
183 829 0.1197  
183 331 0.057  
183 561 0.4214  
183 585 0.3482  
183 625 0.0951  
183 255 0.1553  
183 704 0.2649  
184 229 0.1798  
184 633 0.7305  
184 325 0.586  
184 213 0.5763  
184 948 0.0447  
184 856 0.5107  
184 458 0.3625  
184 617 0.3531  
184 758 0.8856  
184 554 0.465  
184 835 0.8374  
185 483 0.6526  
185 359 0.3802  
185 433 0.4549  
185 421 0.2838  
185 610 0.3703  
185 683 0.5394  
185 266 0.2083  
185 517 0.9325  
186 890 0.2732  
186 630 0.1583  
186 253 0.4154  
186 434 0.7547  
186 635 0.9381  
187 725 0.3646  
187 330 0.3596  
187 577 0.5744  
187 774 0.063  
187 636 0.1703  
187 807 0.3637  
187 271 0.1166  
187 727 0.1968  
187 643 0.9954  
187 608 0.4264  
188 282 0.4324  
188 202 0.5215  
188 803 0.6713  
188 664 0.9229  
188 655 0.5735  
188 880 0.4986  
188 240 0.3653  
189 468 0.7533  
189 221 0.9116  
189 980 0.8387  
189 645 0.2746  
189 535 0.1199  
190 629 0.0816  
190 658 0.3257  
190 811 0.0546  
190 397 0.0246  
190 952 0.2293  
190 286 0.2625  
190 983 0.386  
190 339 0.2462  
190 244 0.2205  
190 640 0.7532  
191 750 0.6616  
191 720 0.3597  
191 951 0.0139  
191 983 0.8223  
192 802 0.3793  
192 259 0.9959  
192 827 0.357  
192 220 0.2789  
192 200 0.4196  
192 951 0.7376  
192 203 0.4649  
192 791 0.6567  
192 948 0.071  
193 380 0.6894  
193 379 0.7221  
193 699 0.2246  
193 263 0.7742  
193 911 0.3957  
193 618 0.6853  
193 516 0.9101  
194 673 0.9799  
194 376 0.2533  
194 857 0.0359  
194 218 0.847  
194 511 0.318  
194 611 0.216  
194 308 0.213  
194 904 0.9082  
194 307 0.4629  
195 777 0.946  
195 617 0.7261  
195 731 0.001  
195 568 0.464  
195 390 0.0186  
195 472 0.1426  
196 416 0.8007  
196 702 0.8675  
196 815 0.0678  
196 214 0.5921  
196 611 0.8035  
196 304 0.6285  
197 835 0.8165  
197 824 0.8951  
197 716 0.8273  
197 888 0.402  
197 231 0.0346  
197 282 0.97  
198 876 0.2335  
198 286 0.9193  
198 220 0.5209  
198 437 0.6141  
198 460 0.4955  
198 741 0.416  
198 527 0.3513  
198 896 0.1649  
198 215 0.4574  
199 282 0.4997  
199 322 0.7701  
199 218 0.781  
199 269 0.7673  
199 509 0.7422  
199 534 0.6043  
199 221 0.9462  
200 456 0.6873  
200 363 0.6955  
200 927 0.9888  
200 445 0.8518  
200 619 0.8522  
200 843 0.6732  
200 470 0.9717  
200 886 0.7812  
200 626 0.9045  
200 605 0.3887  
201 945 0.0114  
201 978 0.4373  
201 310 0.6486  
201 448 0.0725  
201 759 0.9177  
201 671 0.9861  
201 221 0.6812  
201 601 0.573  
202 232 0.5269  
202 334 0.4239  
202 791 0.6854  
202 780 0.875  
202 256 0.662  
203 464 0.3673  
203 785 0.6456  
203 752 0.1152  
203 477 0.5929  
203 479 0.9795  
203 627 0.8044  
203 442 0.0871  
203 206 0.0734  
203 671 0.0904  
204 317 0.4331  
204 243 0.7134  
204 682 0.5045  
204 305 0.5472  
204 241 0.9545  
204 411 0.6066  
204 800 0.5948  
204 771 0.6129  
204 511 0.916  
204 223 0.1835  
204 660 0.3913  
204 378 0.5532  
204 901 0.7188  
204 739 0.0986  
204 546 0.7744  
205 353 0.8713  
205 358 0.8182  
205 483 0.7989  
206 837 0.2885  
206 970 0.1604  
206 269 0.7299  
206 891 0.4938  
206 909 0.7914  
207 436 0.3818  
207 742 0.181  
207 824 0.4964  
207 349 0.8408  
207 717 0.1703  
207 712 0.651  
207 967 0.1947  
208 318 0.9724  
208 414 0.4998  
208 797 0.9774  
208 353 0.0579  
208 876 0.8266  
208 698 0.9146  
208 993 0.627  
208 209 0.4709  
208 633 0.0043  
208 968 0.4003  
209 842 0.345  
209 799 0.6506  
209 398 0.5501  
209 480 0.7098  
209 377 0.9676  
209 815 0.7831  
209 274 0.7137  
209 710 0.2419  
210 447 0.4302  
210 778 0.9319  
210 331 0.7394  
210 867 0.1236  
210 988 0.9227  
210 579 0.2672  
210 291 0.0958  
210 218 0.9491  
211 683 0.1281  
211 309 0.0941  
211 437 0.2861  
211 935 0.7736  
211 506 0.1215  
211 499 0.2282  
211 269 0.991  
211 325 0.2152  
211 724 0.4352  
212 992 0.2193  
212 323 0.8437  
212 905 0.0953  
212 285 0.4576  
213 493 0.0106  
213 604 0.0338  
213 313 0.6465  
213 258 0.8743  
213 821 0.0735  
213 761 0.49  
213 764 0.6326  
213 334 0.1546  
213 215 0.429  
213 353 0.4505  
213 388 0.83  
214 522 0.3783  
214 261 0.7246  
214 813 0.3465  
214 231 0.3727  
214 917 0.9172  
214 956 0.5523  
215 463 0.7932  
215 461 0.9177  
215 761 0.5264  
216 724 0.4759  
216 744 0.0542  
216 908 0.3437  
216 474 0.9943  
216 240 0.391  
216 769 0.0811  
216 904 0.8027  
217 751 0.6906  
217 281 0.049  
217 775 0.6899  
217 366 0.073  
217 405 0.941  
217 913 0.9232  
217 857 0.3598  
217 744 0.0453  
217 303 0.773  
218 840 0.9363  
218 527 0.0541  
218 864 0.2374  
218 358 0.7435  
219 295 0.0645  
219 459 0.7659  
219 789 0.8751  
219 223 0.0622  
219 411 0.5169  
220 810 0.9659  
220 821 0.9656  
220 755 0.575  
220 800 0.0978  
220 924 0.8809  
220 559 0.9493  
220 477 0.4415  
221 296 0.9204  
221 364 0.4384  
221 493 0.4146  
221 335 0.3121  
221 909 0.5404  
221 596 0.5993  
221 257 0.4394  
222 312 0.4639  
222 800 0.7882  
222 693 0.044  
222 806 0.1951  
222 689 0.3719  
222 725 0.448  
223 802 0.2534  
223 939 0.2645  
223 908 0.9792  
223 855 0.9813  
224 459 0.6288  
224 430 0.3022  
224 325 0.5454  
224 608 0.3798  
225 406 0.731  
225 876 0.7693  
225 488 0.748  
225 366 0.7453  
225 528 0.3959  
225 387 0.4349  
225 295 0.1296  
225 684 0.9098  
226 484 0.4659  
226 716 0.0228  
226 820 0.5884  
226 757 0.9397  
226 810 0.985  
226 448 0.6041  
226 993 0.2358  
226 399 0.882  
227 919 0.7637  
227 512 0.7001  
227 659 0.9902  
227 853 0.0849  
227 979 0.8241  
227 362 0.1601  
227 541 0.1267  
228 576 0.7514  
228 546 0.9102  
228 854 0.3469  
228 842 0.8196  
228 522 0.4502  
228 761 0.0172  
228 350 0.0826  
228 752 0.3052  
228 841 0.5324  
229 975 0.0272  
229 913 0.2312  
229 268 0.2316  
229 724 0.0716  
230 593 0.2075  
230 311 0.1976  
230 490 0.7115  
230 635 0.4218  
230 969 0.6937  
230 648 0.7746  
230 840 0.0311  
230 981 0.5545  
231 234 0.2587  
231 721 0.2941  
231 872 0.7435  
231 458 0.7692  
232 457 0.9921  
232 498 0.4563  
232 375 0.2877  
232 634 0.6649  
232 958 0.887  
233 829 0.9815  
233 762 0.5559  
233 987 0.5046  
233 570 0.3309  
234 894 0.1478  
234 314 0.438  
234 495 0.9235  
234 296 0.8998  
234 426 0.3018  
234 287 0.7186  
234 367 0.7286  
235 831 0.2923  
235 511 0.2065  
235 993 0.9369  
235 532 0.0207  
235 423 0.0225  
235 500 0.0625  
235 920 0.7656  
235 372 0.8104  
235 426 0.8769  
236 741 0.6952  
236 471 0.0449  
236 624 0.3229  
236 451 0.4057  
236 967 0.2899  
236 394 0.215  
236 569 0.8841  
237 545 0.2201  
237 871 0.4813  
237 410 0.9116  
237 388 0.1818  
237 431 0.3573  
237 266 0.1422  
238 610 0.9179  
238 514 0.6551  
238 853 0.9524  
239 589 0.9214  
239 855 0.0259  
239 401 0.7865  
239 753 0.2534  
239 841 0.1987  
239 685 0.8068  
239 372 0.3308  
239 862 0.0657  
239 516 0.1423  
239 593 0.667  
240 997 0.9158  
240 785 0.8746  
240 856 0.2688  
240 713 0.2485  
240 388 0.1105  
240 973 0.0446  
240 806 0.3242  
241 797 0.0422  
241 647 0.1577  
241 605 0.9554  
242 443 0.7789  
242 812 0.8681  
242 446 0.4303  
242 617 0.3839  
242 723 0.4758  
242 648 0.9734  
242 778 0.8286  
243 962 0.9574  
243 453 0.9276  
243 950 0.2263  
243 795 0.6928  
243 244 0.9486  
243 892 0.5985  
243 369 0.4271  
243 582 0.3532  
243 522 0.4343  
243 542 0.5453  
244 330 0.7905  
244 606 0.7541  
244 643 0.0052  
245 736 0.5157  
245 430 0.1389  
245 567 0.5174  
245 581 0.5908  
245 956 0.985  
245 916 0.4498  
245 565 0.4666  
245 330 0.515  
245 807 0.0883  
246 699 0.5903  
246 473 0.6417  
246 978 0.0748  
246 578 0.8119  
246 433 0.6238  
246 876 0.2541  
247 364 0.4321  
247 952 0.0621  
247 689 0.0155  
247 714 0.3915  
247 410 0.9093  
247 369 0.6928  
248 366 0.2353  
248 508 0.3164  
248 855 0.5453  
248 535 0.7921  
248 471 0.615  
248 590 0.1841  
248 640 0.1861  
248 797 0.5531  
248 354 0.6233  
248 310 0.2101  
248 849 0.596  
249 367 0.4396  
249 636 0.0973  
249 319 0.5944  
249 960 0.1869  
249 257 0.7884  
249 856 0.7643  
250 451 0.8758  
250 280 0.9183  
250 304 0.2196  
250 264 0.0626  
250 709 0.5755  
250 899 0.8652  
250 702 0.4689  
250 277 0.5321  
250 510 0.8  
250 680 0.3942  
250 415 0.8054  
251 385 0.6156  
251 491 0.4957  
251 862 0.234  
251 671 0.217  
251 267 0.6435  
251 463 0.8023  
251 930 0.1951  
252 389 0.8693  
252 557 0.5876  
252 403 0.2282  
252 808 0.8484  
252 471 0.4323  
252 888 0.4385  
252 737 0.6491  
252 783 0.236  
253 484 0.4868  
253 728 0.4391  
253 874 0.0414  
253 498 0.3367  
253 424 0.752  
253 430 0.7775  
253 376 0.2402  
254 285 0.1551  
254 653 0.5908  
254 345 0.2338  
254 824 0.5584  
254 570 0.1625  
255 639 0.9749  
255 508 0.9971  
255 374 0.6188  
256 759 0.9925  
256 809 0.3987  
256 778 0.5784  
256 947 0.7349  
256 760 0.7535  
256 317 0.9609  
256 338 0.3434  
256 989 0.6549  
257 921 0.6045  
257 616 0.3121  
257 843 0.2287  
257 394 0.5522  
257 698 0.6045  
257 667 0.473  
257 476 0.1541  
257 957 0.2639  
257 307 0.765  
258 444 0.7365  
258 976 0.5376  
258 865 0.3188  
258 766 0.8648  
258 951 0.8894  
258 337 0.8297  
258 459 0.8608  
258 366 0.3752  
259 360 0.5945  
259 556 0.9039  
259 818 0.6792  
259 462 0.565  
259 331 0.6983  
259 628 0.7115  
259 305 0.2083  
259 361 0.0295  
259 548 0.0875  
260 493 0.3909  
260 612 0.2705  
260 323 0.6118  
260 302 0.6423  
260 365 0.1736  
260 378 0.5107  
260 278 0.6801  
260 961 0.4171  
260 932 0.9439  
261 420 0.301  
261 514 0.7552  
261 846 0.9704  
261 367 0.8574  
261 819 0.2737  
261 663 0.2294  
262 570 0.278  
262 768 0.9006  
262 354 0.8092  
262 858 0.2493  
262 980 0.7955  
263 889 0.3155  
263 782 0.6422  
263 470 0.6887  
263 489 0.4799  
263 666 0.8643  
263 990 0.5425  
263 273 0.2863  
263 792 0.2128  
263 558 0.5319  
263 711 0.5014  
263 575 0.5523  
264 439 0.6829  
264 266 0.8179  
264 704 0.848  
264 406 0.0984  
264 662 0.6569  
265 860 0.582  
265 837 0.5241  
265 532 0.9025  
266 597 0.9889  
266 496 0.9703  
266 696 0.909  
266 742 0.8456  
266 975 0.8143  
266 937 0.2923  
267 279 0.951  
267 284 0.5829  
267 407 0.7366  
267 297 0.9901  
267 974 0.7831  
267 700 0.4573  
268 563 0.3964  
269 823 0.1223  
269 388 0.1965  
269 951 0.6879  
269 529 0.1774  
269 439 0.5287  
269 299 0.1337  
269 559 0.0163  
269 842 0.0399  
270 334 0.7941  
270 839 0.843  
270 529 0.8213  
271 594 0.8846  
271 749 0.0962  
271 751 0.7426  
271 819 0.7135  
271 504 0.8186  
271 894 0.8065  
271 582 0.9428  
271 656 0.7836  
271 663 0.369  
272 524 0.6908  
272 674 0.0431  
272 975 0.0874  
273 960 0.1471  
273 503 0.3373  
273 396 0.5946  
273 355 0.8727  
273 328 0.0974  
274 464 0.3059  
274 778 0.3901  
274 723 0.3045  
274 585 0.1529  
274 655 0.1239  
274 536 0.4198  
274 752 0.4602  
274 820 0.0066  
275 822 0.5024  
275 941 0.0614  
275 346 0.8701  
275 779 0.301  
275 971 0.0754  
275 538 0.6385  
275 760 0.6504  
275 385 0.7723  
275 700 0.2698  
275 694 0.9397  
275 339 0.5555  
276 448 0.1645  
276 955 0.129  
276 303 0.0691  
276 584 0.7692  
276 856 0.1682  
276 543 0.5326  
276 511 0.8016  
276 619 0.6097  
276 813 0.7458  
276 958 0.9064  
277 883 0.3877  
277 704 0.7194  
278 314 0.1658  
278 398 0.5532  
278 564 0.2033  
278 432 0.5401  
278 437 0.251  
278 777 0.2899  
278 302 0.5664  
278 324 0.4785  
278 702 0.2749  
278 299 0.6401  
278 791 0.6141  
278 388 0.908  
278 690 0.7825  
278 596 0.6893  
279 455 0.1037  
279 880 0.4254  
279 411 0.3056  
279 780 0.946  
279 556 0.6633  
279 645 0.6412  
280 606 0.0054  
280 444 0.1691  
280 747 0.3302  
280 398 0.7319  
281 756 0.6348  
281 659 0.157  
281 784 0.8504  
281 776 0.9661  
281 539 0.4582  
281 865 0.7696  
281 896 0.1808  
281 324 0.1221  
281 566 0.0948  
281 353 0.6525  
282 413 0.6607  
282 537 0.615  
282 774 0.2737  
283 986 0.9503  
283 498 0.4598  
283 327 0.2492  
283 815 0.7038  
283 560 0.1464  
283 773 0.385  
283 376 0.2662  
283 476 0.1654  
283 605 0.5923  
283 699 0.093  
283 435 0.0262  
283 700 0.0051  
283 983 0.6374  
283 898 0.6692  
284 539 0.7431  
284 642 0.4397  
284 754 0.1845  
284 950 0.4347  
284 421 0.0961  
284 402 0.7355  
285 561 0.8338  
285 557 0.1379  
285 972 0.5062  
285 773 0.6997  
285 779 0.4417  
285 923 0.9565  
285 327 0.7807  
286 851 0.9098  
286 657 0.1486  
286 570 0.341  
287 809 0.8301  
287 762 0.2611  
287 522 0.7939  
288 715 0.4159  
288 540 0.8091  
288 845 0.3986  
288 431 0.2085  
288 627 0.0123  
288 407 0.7272  
288 319 3.0E-4  
288 709 0.1651  
288 912 0.9195  
289 556 0.7759  
289 292 0.0068  
289 812 0.0399  
289 446 0.6608  
289 673 0.3899  
289 504 0.8029  
289 957 0.7254  
289 751 0.8571  
289 994 0.4828  
289 617 0.8136  
290 841 0.8441  
290 708 0.9507  
290 872 0.9107  
290 966 0.5456  
290 701 0.4627  
290 291 0.684  
290 710 0.4565  
290 814 0.1017  
290 329 0.6581  
290 440 0.3508  
291 440 0.6662  
291 651 0.457  
291 302 0.6272  
291 598 0.4996  
291 756 0.0906  
291 928 0.9708  
291 752 0.3589  
292 934 0.367  
292 725 0.4591  
292 530 0.5112  
292 970 0.27  
292 528 0.3841  
292 611 0.4589  
293 431 0.0306  
293 824 0.948  
293 329 0.8755  
293 396 0.1619  
293 503 0.6129  
293 952 0.6237  
294 830 0.7506  
294 471 0.9205  
294 834 0.3397  
294 714 0.0382  
294 888 0.1816  
294 486 0.7842  
294 812 0.9107  
294 738 0.2776  
294 606 0.4258  
294 726 0.719  
294 491 0.6426  
295 670 0.8526  
295 857 0.9022  
295 377 0.1582  
295 744 0.6471  
296 899 0.6687  
296 630 0.0094  
296 848 0.1674  
296 346 0.6316  
297 714 0.45  
297 381 0.3229  
297 308 0.9066  
297 965 0.6285  
298 917 0.7222  
298 362 0.5673  
298 842 0.3386  
298 904 0.2046  
298 695 0.0705  
299 671 0.1611  
299 348 0.7235  
299 403 0.2584  
300 856 0.7139  
300 721 0.3233  
300 691 0.529  
300 325 0.0115  
301 929 0.139  
301 339 0.6135  
302 477 0.2745  
302 588 0.798  
302 649 0.5774  
302 372 0.987  
302 750 0.1612  
302 417 0.7651  
302 438 0.1849  
302 692 0.2589  
302 768 0.0899  
302 740 0.2119  
303 831 0.3905  
303 695 0.9227  
303 461 0.773  
303 583 0.8719  
303 615 0.6624  
303 770 0.4506  
303 879 0.4729  
303 656 0.0141  
303 759 0.7308  
303 888 0.4507  
304 567 0.4054  
304 348 0.3177  
305 749 0.2488  
305 319 0.6335  
305 321 0.8515  
305 485 0.9132  
305 513 0.2167  
305 387 0.1706  
305 963 0.7512  
305 313 0.3252  
305 818 0.4448  
306 923 0.4411  
306 333 0.6722  
306 738 0.3708  
306 988 0.2595  
307 507 0.9906  
307 824 0.6276  
307 926 0.8957  
307 732 0.3546  
307 613 0.9943  
307 743 0.1264  
307 819 0.5164  
308 997 0.7975  
308 961 0.4523  
308 627 0.7745  
309 849 0.5144  
309 598 0.9975  
309 800 0.2859  
309 677 0.2071  
309 676 0.1049  
309 728 0.8252  
310 814 0.1912  
310 647 0.2824  
310 390 0.1579  
310 474 0.8112  
311 783 0.1944  
311 385 0.4697  
311 723 0.8319  
311 364 0.1288  
311 376 0.543  
311 664 0.5026  
311 836 0.979  
312 368 0.1857  
312 672 0.8625  
312 937 0.2782  
313 663 0.1475  
313 943 0.7604  
313 905 0.5514  
313 436 0.7109  
313 480 0.0786  
314 629 0.946  
314 972 0.6434  
314 535 0.1863  
314 655 0.3613  
314 894 0.012  
315 847 0.0804  
315 917 0.097  
315 353 0.4648  
315 394 0.8718  
315 841 0.5717  
315 594 0.9772  
315 577 0.146  
316 640 0.4272  
316 718 0.5876  
316 914 0.3209  
316 562 0.1992  
316 609 0.3534  
316 595 0.4566  
316 604 0.442  
317 338 0.7688  
317 635 0.1384  
317 354 0.1253  
317 695 0.6048  
317 429 0.5289  
317 810 0.9102  
317 895 0.608  
317 729 0.2671  
318 592 0.3599  
318 972 0.5458  
319 694 0.7557  
319 404 0.8218  
319 534 0.5567  
320 337 0.7929  
320 340 0.2895  
320 924 0.7231  
320 756 0.0174  
320 872 0.9848  
320 327 0.896  
320 981 0.9728  
320 793 0.8357  
320 353 0.6438  
321 463 0.118  
321 761 0.7007  
321 962 0.8075  
321 519 0.1068  
321 419 0.1547  
322 677 0.7659  
322 626 0.1841  
323 359 0.1152  
323 443 0.4348  
323 781 0.8799  
323 909 0.0317  
323 724 0.68  
323 381 0.5744  
323 343 0.0782  
323 877 0.9879  
324 901 0.8101  
324 900 0.8422  
324 670 0.333  
324 885 0.2066  
324 573 0.5422  
324 399 0.1512  
324 653 0.9399  
324 349 0.4973  
324 939 0.1718  
325 625 0.143  
325 710 0.844  
325 667 0.0991  
326 451 0.9653  
326 699 0.5231  
326 954 0.2936  
327 956 0.1779  
327 764 0.4178  
327 980 0.2105  
327 554 0.648  
327 540 0.7815  
328 500 0.4943  
328 681 0.6608  
328 823 0.9017  
328 509 0.3225  
328 433 0.9678  
328 773 0.5771  
329 672 0.1688  
329 743 0.9434  
329 350 0.3587  
329 993 0.9867  
329 886 9.0E-4  
329 915 0.1409  
329 818 0.5478  
329 667 0.3722  
329 357 0.5207  
330 637 0.3395  
330 356 0.2911  
330 946 0.3822  
330 466 0.5286  
330 519 0.8829  
330 453 0.5672  
330 855 0.8393  
330 712 0.8896  
330 735 0.3389  
331 407 0.7548  
331 518 0.7543  
331 532 0.6388  
331 635 0.779  
332 380 0.0726  
332 698 0.3184  
332 420 0.9563  
332 547 0.0666  
332 361 0.2519  
332 706 0.0207  
332 822 0.5403  
332 659 0.943  
333 909 0.554  
333 608 0.36  
333 757 0.3412  
333 507 0.6644  
333 781 0.343  
333 455 0.0082  
334 351 0.9318  
334 663 0.4899  
334 518 0.4614  
334 598 0.6308  
334 427 0.7301  
334 507 0.2733  
334 639 0.4801  
334 604 0.3381  
335 965 0.5945  
335 446 0.6233  
335 403 0.8864  
335 687 0.5603  
335 576 0.514  
336 536 0.6776  
336 624 0.4506  
336 464 0.4924  
336 905 0.1259  
336 375 0.5952  
337 442 0.8986  
337 854 0.0991  
337 506 0.6609  
337 859 0.4608  
337 566 0.5065  
337 681 0.8605  
337 876 0.9482  
337 711 0.3703  
337 821 0.865  
337 697 0.9555  
337 348 0.6245  
337 470 0.4761  
337 409 0.4797  
338 802 0.0437  
338 373 0.9823  
338 459 0.5366  
338 480 0.9615  
338 456 0.4356  
339 737 0.9855  
339 380 0.2113  
340 711 0.58  
340 447 0.1559  
340 714 0.1304  
340 881 0.7437  
341 648 0.8621  
341 998 0.2944  
341 954 0.9831  
341 515 0.9872  
341 934 0.5876  
341 567 0.2703  
342 679 0.9625  
342 912 0.3623  
343 671 0.5696  
343 960 0.4372  
343 676 0.1309  
343 487 0.8504  
343 561 0.4951  
344 435 0.9612  
344 607 0.7831  
344 591 0.8049  
344 509 0.1425  
344 570 0.5079  
344 532 0.0883  
344 606 0.2252  
345 641 0.8287  
345 606 0.8321  
345 778 0.7152  
346 486 0.1397  
346 815 0.4561  
346 892 0.689  
346 785 0.5104  
346 777 0.2728  
346 834 0.6088  
346 824 0.7467  
346 397 0.809  
346 836 0.3106  
346 405 0.3615  
346 628 0.7016  
347 373 0.0344  
347 581 0.8441  
347 368 0.697  
348 400 0.1962  
348 953 0.0015  
348 536 0.5043  
348 841 0.6533  
348 840 0.7037  
348 634 0.758  
348 687 0.2224  
348 889 0.9042  
348 504 0.5218  
348 408 0.8963  
349 910 0.7819  
349 648 0.156  
349 775 0.0867  
349 403 0.3132  
349 506 0.0714  
350 899 0.6407  
350 764 0.1356  
350 819 0.0089  
351 809 0.2843  
351 814 0.6285  
351 691 0.6653  
351 613 0.6693  
351 978 0.4356  
351 650 0.0869  
351 653 0.9207  
351 448 0.6105  
351 660 0.0815  
351 731 0.8573  
351 487 0.4013  
352 448 0.6076  
352 362 0.0442  
352 557 0.4007  
352 613 0.2779  
352 729 0.6387  
353 729 0.9111  
353 726 0.3029  
353 747 0.69  
353 672 0.5631  
354 529 0.4674  
354 729 0.5566  
354 474 0.4487  
354 916 0.7995  
354 402 0.5765  
354 656 0.9607  
355 733 0.489  
355 387 0.1312  
355 453 0.5083  
355 640 0.0417  
355 914 0.3464  
355 819 0.5033  
355 713 0.2073  
356 831 0.1736  
356 571 0.8139  
356 837 0.1022  
356 458 0.1302  
356 969 0.6684  
356 502 0.1299  
356 792 0.7428  
356 637 0.8217  
356 992 0.7507  
356 923 0.3403  
357 845 0.1088  
357 996 0.6553  
357 926 0.9092  
358 684 0.4745  
358 555 0.7987  
358 940 0.4489  
358 982 0.3124  
358 432 0.4857  
358 701 0.9025  
359 884 0.226  
359 934 0.057  
359 468 0.0833  
359 952 0.1119  
359 533 0.9202  
359 508 0.115  
360 535 0.8574  
360 881 0.5133  
360 820 0.6594  
360 544 0.5466  
360 887 0.5859  
360 983 0.7713  
360 822 0.4584  
360 746 0.8388  
360 371 0.6707  
361 578 0.2761  
361 820 0.4179  
361 466 0.0836  
361 491 0.3378  
361 675 0.6154  
362 624 0.8178  
362 924 0.5769  
362 771 0.34  
362 745 0.5845  
362 367 0.8139  
363 577 0.9687  
363 822 0.0608  
363 870 0.5978  
363 801 0.085  
363 710 0.5557  
364 487 0.7187  
364 412 0.1518  
364 683 0.8724  
364 781 0.6135  
364 993 0.2634  
364 883 0.5541  
365 410 0.7769  
365 495 0.5749  
365 730 0.055  
365 813 0.2418  
365 654 0.2393  
366 853 0.7774  
366 664 0.3591  
366 813 0.162  
366 817 0.7146  
366 419 0.0018  
366 601 0.0107  
366 429 0.5991  
366 818 0.0738  
366 950 0.2977  
367 480 0.3523  
367 539 0.3041  
367 432 0.5504  
367 927 0.1644  
367 828 0.0438  
367 898 0.3847  
368 695 0.8706  
368 497 0.2205  
368 897 0.3389  
368 959 0.3204  
368 811 0.3067  
368 730 0.4708  
368 945 0.8836  
368 598 0.596  
368 414 0.1035  
369 648 0.1652  
369 844 0.5877  
369 767 0.7977  
369 550 0.9211  
369 827 0.7772  
370 688 0.7344  
370 731 0.8166  
370 570 0.3019  
370 990 0.8807  
370 967 0.8881  
370 907 0.7088  
371 800 0.0829  
371 531 0.562  
371 908 0.9319  
371 747 0.8088  
371 837 0.3693  
371 530 0.7974  
371 769 0.7357  
371 749 0.9369  
371 823 0.2908  
371 385 0.5067  
371 468 0.9309  
372 578 0.9598  
372 815 0.6797  
372 585 0.2084  
372 387 0.8693  
372 902 0.8706  
372 634 0.9779  
372 877 0.7436  
372 745 0.1884  
373 824 0.9682  
373 797 0.6714  
373 932 0.3206  
373 790 0.0112  
373 926 0.1514  
373 983 0.8324  
374 645 0.0687  
374 907 0.8523  
374 898 0.3472  
374 488 0.8019  
374 821 0.8447  
374 887 0.6707  
375 579 0.1679  
375 429 0.0237  
375 814 0.5367  
375 574 0.8993  
376 414 0.2786  
376 579 0.8542  
376 805 0.8935  
376 418 0.8198  
376 716 0.5786  
376 593 0.2889  
376 886 0.48  
376 678 0.1265  
376 400 0.567  
376 691 0.6518  
377 956 0.7896  
377 451 0.7746  
377 973 0.4451  
377 595 0.1541  
378 444 0.1661  
378 588 0.4306  
378 676 0.8598  
378 869 0.6997  
379 679 0.289  
379 631 0.0481  
379 741 0.1167  
379 385 0.2918  
379 502 0.2992  
379 413 0.5596  
379 397 0.8946  
379 971 0.7771  
379 565 0.2879  
379 851 0.5946  
379 789 0.1282  
380 598 0.1676  
380 642 0.7705  
380 625 0.817  
380 573 0.1773  
380 506 0.6391  
381 615 0.9366  
381 915 0.3  
381 657 0.9452  
381 824 0.9156  
381 850 0.6385  
381 709 0.2069  
381 626 0.2648  
381 922 0.5117  
381 969 0.6003  
382 401 0.5701  
382 413 0.1204  
383 780 0.4146  
383 630 0.8127  
383 958 0.7508  
384 502 0.7077  
384 806 0.4096  
384 762 0.6565  
384 433 0.908  
384 746 0.6762  
384 680 0.6624  
385 853 0.8925  
385 902 0.0872  
385 868 0.84  
385 505 0.2363  
385 769 0.5912  
385 955 0.1412  
386 998 0.3736  
386 629 0.7429  
386 491 0.2  
386 569 0.8358  
386 533 0.7733  
386 857 0.7662  
386 984 0.3151  
386 548 0.8822  
386 589 0.1373  
386 438 0.986  
387 420 0.908  
387 720 0.475  
387 710 0.8696  
387 639 0.7812  
387 997 0.2767  
387 631 0.2971  
388 584 0.1675  
388 524 0.1645  
388 955 0.7723  
389 659 0.7464  
389 475 0.5378  
389 664 0.0763  
389 963 0.134  
389 434 0.2418  
389 539 0.0032  
389 513 0.3392  
389 772 0.7447  
390 993 0.2027  
390 807 0.6945  
390 862 0.4737  
390 634 0.5344  
390 687 0.9719  
391 783 0.3838  
391 843 0.335  
391 586 0.8619  
392 635 0.1979  
392 585 0.6194  
392 680 0.2429  
392 614 0.4727  
392 692 0.3077  
392 580 0.4643  
393 421 0.761  
393 597 0.6139  
393 951 0.9342  
393 726 0.6373  
393 809 0.147  
393 530 0.5005  
393 428 0.1869  
394 927 0.0919  
394 802 0.4628  
394 739 0.9736  
394 612 0.1764  
394 534 0.6405  
394 696 0.2278  
395 507 0.6002  
395 564 0.1553  
395 707 0.9017  
395 600 0.6385  
395 582 0.4928  
395 416 0.5703  
396 964 0.3917  
396 692 0.3987  
396 505 0.4113  
396 819 0.2379  
396 425 0.3687  
397 966 0.3471  
397 659 0.3325  
397 527 0.2245  
398 667 0.2948  
398 712 0.3842  
398 664 0.5667  
398 686 0.9708  
398 558 0.2232  
398 461 0.7218  
399 795 0.4621  
399 754 0.3439  
400 642 0.65  
400 984 0.6623  
401 791 0.1568  
401 508 0.5071  
401 430 0.2165  
401 443 0.4787  
401 615 0.3851  
401 762 0.025  
402 741 0.3339  
402 610 0.0572  
402 885 0.1445  
402 833 0.0995  
402 560 0.2755  
402 585 0.796  
402 564 0.6756  
403 775 0.0066  
403 660 0.3141  
403 859 0.6893  
403 855 0.2738  
403 480 0.4907  
403 562 0.6122  
404 873 0.7988  
404 520 0.6544  
405 678 0.7401  
405 440 0.9292  
405 459 0.3269  
405 787 0.5141  
405 801 0.0789  
405 600 0.9404  
405 476 0.3711  
405 580 0.6832  
405 516 0.4639  
405 464 0.0293  
406 756 0.6811  
406 596 0.8695  
406 936 0.9273  
406 793 0.1619  
407 640 0.5564  
407 755 0.5411  
407 848 0.1046  
407 495 0.8484  
407 603 0.8033  
407 647 0.9872  
408 827 0.5754  
408 574 0.6248  
408 859 0.1011  
409 973 0.2055  
409 496 0.5131  
409 700 0.4459  
409 521 0.844  
409 431 0.2842  
409 798 0.659  
409 797 0.8004  
410 471 0.6933  
410 867 0.5195  
410 554 0.1027  
411 869 0.5384  
411 501 0.1497  
411 765 0.4996  
411 441 0.2797  
411 412 0.2194  
411 496 0.3977  
411 544 0.11  
411 991 0.3405  
412 599 0.9906  
412 731 0.0258  
412 579 0.5263  
412 468 0.5393  
412 927 0.0262  
412 668 0.7114  
412 882 0.2881  
412 979 0.9638  
413 647 0.4001  
413 978 0.4427  
414 615 0.9109  
414 947 0.6813  
414 864 0.774  
414 731 0.2983  
414 655 0.3432  
415 962 0.9686  
415 965 0.6635  
415 955 0.8917  
415 983 0.0804  
415 990 0.7792  
416 645 0.108  
416 862 0.6131  
416 885 0.5188  
416 837 0.3019  
417 597 0.4769  
417 658 0.2354  
417 685 0.0735  
417 917 0.0482  
417 913 0.0231  
417 459 0.4068  
417 443 0.2878  
418 554 0.4286  
418 515 0.8915  
418 770 0.0191  
419 711 0.2099  
419 735 0.9108  
419 974 0.2009  
419 990 0.6709  
420 476 0.3245  
420 832 0.3587  
420 977 0.6596  
420 785 0.1294  
421 664 0.686  
421 448 0.5874  
421 440 0.3256  
421 900 0.6833  
421 699 0.7712  
421 952 0.6375  
422 877 0.436  
422 524 0.0997  
422 727 0.7462  
422 639 0.6481  
422 490 0.4757  
422 772 0.0127  
423 785 0.1512  
423 674 0.1976  
423 697 0.4035  
423 468 0.8853  
424 966 0.0022  
424 777 0.36  
424 831 0.0891  
424 889 0.2424  
424 428 0.9766  
424 680 0.5151  
424 867 0.3718  
424 660 0.9561  
424 970 0.7077  
425 751 0.137  
425 589 0.8903  
425 611 0.6173  
425 868 0.4988  
425 561 0.6666  
425 514 0.2772  
425 916 0.1353  
426 754 0.0119  
426 707 0.8999  
426 470 0.0547  
426 719 0.6364  
426 703 0.409  
426 692 0.1328  
427 770 0.7874  
428 779 0.0725  
428 453 0.9764  
428 901 0.0539  
428 625 0.8207  
429 954 0.0642  
429 551 0.8763  
429 651 0.5074  
429 671 0.8275  
430 569 0.7641  
431 961 0.8717  
431 871 0.0555  
431 510 0.0251  
431 445 0.4304  
431 434 0.9693  
432 834 0.335  
432 713 0.6408  
432 703 0.8352  
432 639 0.9654  
432 466 0.6472  
432 812 0.2423  
433 860 0.7607  
433 801 0.8346  
433 606 0.7021  
433 594 0.1008  
433 956 0.7369  
434 841 0.8482  
434 736 0.6086  
434 480 0.9665  
434 910 0.1273  
434 983 0.4467  
434 440 0.6004  
434 845 0.4655  
434 795 0.0304  
434 885 0.1279  
435 582 0.6579  
435 458 0.8224  
435 644 0.3976  
435 470 0.1067  
435 670 0.7363  
436 518 0.3158  
436 694 0.571  
437 742 0.7946  
437 575 0.1272  
437 471 0.5093  
437 971 0.8553  
437 969 0.5402  
437 777 0.6573  
438 743 0.1015  
438 576 0.1808  
438 587 0.0588  
438 963 0.8842  
438 615 0.9547  
439 939 0.5275  
439 951 0.2828  
439 857 0.0201  
439 888 0.1524  
439 521 0.1089  
439 581 0.5785  
440 643 0.4797  
440 687 0.3289  
440 807 0.9888  
440 776 0.506  
440 935 0.0071  
440 640 0.6028  
440 874 0.5495  
441 478 0.3522  
441 900 0.6929  
441 732 0.0179  
441 537 0.4646  
441 986 0.6465  
441 859 0.0949  
442 490 0.2215  
442 578 0.9776  
442 625 0.3612  
442 642 0.2245  
442 593 0.4873  
442 922 0.7415  
443 664 0.2517  
443 928 0.0142  
443 829 0.93  
443 865 0.3904  
443 937 0.0385  
443 493 0.6235  
443 825 0.7003  
444 730 0.7621  
444 581 0.5184  
444 543 0.2524  
444 917 0.0767  
444 611 0.8904  
444 559 0.8105  
444 907 0.8984  
445 454 0.123  
445 488 0.8985  
445 783 0.3148  
446 895 0.7075  
446 998 0.9095  
447 483 0.5225  
447 964 0.8392  
447 594 0.2998  
447 905 0.7674  
448 953 0.5741  
448 469 0.7428  
448 921 0.0827  
449 683 0.6522  
449 649 0.3326  
449 996 0.8305  
449 991 0.6245  
449 675 0.23  
449 829 0.2529  
450 812 0.8439  
450 686 0.6027  
451 540 0.9472  
451 769 0.0228  
451 942 0.776  
452 495 0.0418  
452 719 0.3565  
452 690 0.2953  
452 893 0.2496  
452 638 0.0335  
453 723 0.8997  
453 586 0.0185  
453 715 0.7708  
453 925 0.4978  
453 530 0.691  
454 783 0.1509  
454 794 0.6822  
454 682 0.1959  
454 693 0.5392  
455 524 0.8234  
455 744 0.9399  
455 991 0.3363  
455 643 0.7577  
455 785 0.4567  
455 873 0.7848  
455 459 0.3688  
455 552 0.2063  
455 755 0.8436  
455 988 0.689  
455 678 0.8018  
456 829 0.9579  
456 726 0.992  
456 888 0.0473  
456 861 0.0903  
456 502 0.9095  
456 715 0.3654  
457 805 0.2879  
457 464 0.2275  
458 648 0.0228  
458 785 0.4559  
459 703 0.7213  
459 931 0.0589  
459 569 0.9632  
459 920 0.6601  
459 966 0.5281  
460 983 0.1248  
460 827 0.0525  
460 990 0.8747  
460 733 0.0385  
461 949 0.631  
461 755 0.9979  
461 761 0.537  
462 686 0.4519  
462 646 0.4461  
463 551 0.3628  
463 557 0.2708  
463 488 0.1372  
463 724 0.8181  
463 496 0.3625  
463 586 0.7133  
463 670 0.4208  
463 618 0.1177  
464 731 0.822  
464 678 0.6127  
464 810 0.7938  
464 551 0.4028  
464 716 0.993  
464 565 0.0024  
464 509 0.2017  
465 651 0.5233  
465 679 0.5608  
465 871 0.9615  
465 549 0.0448  
465 489 0.5708  
465 703 0.801  
465 804 0.4418  
466 975 0.8077  
466 699 0.3066  
466 482 0.3635  
466 551 0.9332  
466 997 0.8844  
466 839 0.3754  
466 511 0.224  
467 531 0.9621  
467 872 0.6848  
467 965 0.0665  
467 876 0.7953  
468 777 0.5817  
468 672 0.6688  
468 863 0.0159  
468 799 0.3752  
468 553 0.6666  
468 900 0.4476  
469 602 0.712  
469 710 0.7118  
469 733 0.7627  
469 741 0.2392  
469 698 0.3156  
469 896 0.5049  
469 502 0.3568  
470 979 0.7202  
470 632 0.6106  
470 980 0.7857  
471 484 0.089  
471 903 0.8056  
471 680 0.8183  
472 553 0.0492  
472 593 0.8421  
472 984 0.1737  
472 805 0.2947  
472 728 0.4417  
473 681 0.4569  
474 477 0.0874  
474 572 0.3198  
474 484 0.9543  
474 869 0.1874  
474 955 0.971  
475 805 0.4443  
475 962 0.9775  
475 866 0.1164  
475 656 0.6559  
475 978 0.2353  
475 908 0.1364  
475 673 0.2696  
475 767 0.4236  
476 853 0.5042  
476 500 0.7863  
476 679 0.014  
478 727 0.9772  
478 908 0.1196  
478 708 0.8174  
478 542 0.8637  
478 696 0.0336  
479 958 0.415  
479 894 0.078  
479 948 0.2408  
479 836 0.2976  
480 679 0.0756  
480 786 0.8592  
480 599 0.8105  
480 822 0.1292  
480 734 0.7783  
480 597 0.2095  
480 854 0.1862  
481 520 0.151  
481 872 0.529  
481 903 0.9893  
482 817 0.4089  
482 736 0.3728  
482 921 0.8506  
482 745 0.3704  
482 674 0.4706  
482 995 0.6114  
482 685 0.8108  
483 500 0.9251  
483 606 0.7658  
483 631 0.3959  
483 828 0.957  
484 899 0.4951  
484 797 0.5408  
484 921 0.6187  
484 560 0.7953  
484 591 0.901  
485 758 0.1137  
485 788 0.868  
485 753 0.9708  
485 585 0.064  
486 693 0.5587  
486 537 0.9746  
486 766 0.7956  
486 775 0.7134  
486 703 0.5698  
486 709 0.0816  
487 530 0.5253  
487 635 0.804  
487 810 0.6328  
487 562 0.2728  
487 689 0.1709  
487 865 0.7147  
487 785 0.3521  
487 931 0.179  
487 566 0.5674  
488 502 0.81  
488 618 0.4645  
488 937 0.5899  
488 761 0.5691  
489 961 0.3177  
489 615 0.7878  
490 975 0.6646  
490 566 0.7567  
491 575 0.5505  
491 760 0.8084  
491 731 0.1294  
491 595 0.4502  
491 597 0.1735  
492 818 0.4401  
492 809 0.9497  
492 816 0.1286  
492 960 0.5561  
492 943 0.2532  
493 676 0.1391  
493 542 0.0463  
493 498 0.6673  
494 934 0.3345  
494 844 0.8468  
494 535 0.9755  
495 928 0.565  
495 769 0.4814  
495 518 0.7235  
495 515 0.3243  
495 547 0.6052  
496 965 0.5406  
496 942 0.2933  
497 759 0.5395  
497 736 0.1108  
497 711 0.9951  
498 861 0.077  
498 745 0.9051  
498 782 0.3728  
499 749 0.9028  
499 872 0.3891  
499 831 0.4155  
500 776 0.0967  
500 522 0.9098  
500 546 0.368  
501 974 0.212  
501 849 0.4373  
501 973 0.358  
501 776 0.3937  
501 935 0.8664  
502 895 0.5888  
502 555 0.8341  
502 682 0.1789  
502 666 0.7903  
502 759 0.4613  
502 915 0.7432  
503 900 0.855  
503 626 0.6485  
503 584 0.1569  
503 552 0.2795  
504 997 0.8176  
504 541 0.9123  
505 818 0.5768  
505 714 0.0188  
505 994 0.4867  
506 579 0.7983  
506 543 0.7528  
506 739 0.6101  
506 979 0.9173  
506 897 0.153  
506 607 0.5643  
506 672 0.7647  
506 524 0.6164  
507 561 0.5266  
507 984 0.9259  
507 896 0.3531  
507 895 0.653  
507 531 0.1554  
507 878 0.0401  
508 556 0.5017  
508 592 0.2348  
508 926 0.0331  
508 842 0.7867  
508 647 0.9024  
509 565 0.7528  
509 634 0.5121  
509 532 0.6356  
509 782 0.8567  
510 888 0.4634  
510 563 0.9317  
510 708 0.666  
510 681 0.1265  
510 913 0.1911  
511 826 0.7418  
511 752 0.5181  
511 839 0.2831  
511 681 0.5695  
511 734 0.9162  
511 682 0.4424  
511 630 0.4165  
512 891 0.1818  
512 811 0.9627  
512 732 0.9889  
513 640 0.2159  
513 844 0.425  
513 932 0.479  
513 888 0.2425  
513 566 0.6906  
514 949 0.1331  
514 611 0.5613  
514 859 0.0756  
515 680 0.8769  
515 669 0.6526  
515 980 0.2606  
515 887 0.3631  
515 637 0.6374  
517 938 0.4838  
517 538 0.8338  
517 795 0.978  
518 580 0.903  
518 767 0.3471  
518 867 0.82  
519 872 0.9914  
519 551 0.3622  
519 552 0.0482  
520 873 0.9238  
520 914 0.9033  
520 945 0.8318  
520 706 0.5575  
520 804 0.504  
520 916 0.3445  
520 888 0.1269  
520 718 0.4051  
521 826 0.7204  
521 916 0.5031  
521 648 0.1412  
521 820 0.7671  
521 817 0.4513  
522 677 0.2575  
522 615 0.4153  
522 910 0.0462  
523 761 0.5748  
524 644 0.7969  
524 811 0.8304  
524 544 0.8221  
524 729 0.9202  
524 560 0.2703  
525 579 0.0388  
525 698 0.6877  
525 638 0.2117  
525 767 0.8709  
525 751 0.3364  
526 805 0.8083  
527 776 0.5685  
527 897 0.5263  
527 556 0.1089  
528 560 0.5104  
528 611 0.9427  
528 984 0.5336  
529 644 0.5525  
529 745 0.7873  
529 885 0.1459  
529 903 0.8179  
529 919 0.0723  
529 849 0.8051  
529 602 0.8108  
529 645 0.2006  
530 638 0.6567  
530 959 0.1808  
530 923 0.0968  
531 589 0.0234  
531 967 0.0016  
531 691 0.4455  
532 821 0.5252  
532 828 0.1937  
532 851 0.8244  
532 901 0.789  
532 647 0.981  
532 716 0.0379  
532 615 0.1414  
532 624 0.5358  
533 676 0.2003  
533 781 0.8068  
533 691 0.2106  
533 698 0.7044  
534 967 0.0495  
534 952 0.6134  
534 883 0.1138  
534 776 0.194  
535 704 0.9121  
535 562 0.8811  
535 996 0.7536  
535 848 0.1052  
536 960 0.4305  
536 619 0.2923  
536 575 0.0367  
536 816 0.0657  
536 657 0.774  
536 843 0.6391  
536 667 0.2409  
538 652 0.5837  
538 882 0.4998  
538 665 0.6341  
538 923 0.5692  
538 792 0.7102  
539 672 0.434  
539 980 0.4007  
539 915 0.282  
539 853 0.3614  
539 745 0.3254  
539 776 0.9182  
540 828 0.7091  
540 654 0.3297  
540 948 0.3713  
540 714 0.4683  
540 971 0.1557  
541 609 0.0053  
542 691 0.2595  
542 808 0.9134  
542 619 0.5871  
542 997 0.7825  
542 915 0.5197  
542 602 0.919  
542 561 0.1249  
543 716 0.3371  
544 821 0.8527  
544 665 0.79  
544 982 0.0891  
545 643 0.4443  
545 829 0.0417  
545 730 0.245  
546 722 0.4649  
546 549 0.9082  
546 822 0.7321  
547 896 0.1543  
547 604 0.5898  
547 816 0.8962  
547 929 0.5649  
547 808 0.6733  
548 676 0.2807  
548 619 0.4986  
548 976 0.9601  
548 570 0.3036  
549 898 0.6149  
549 640 0.299  
549 781 0.9012  
550 909 0.9079  
550 559 0.5241  
550 564 0.6639  
551 787 0.2022  
551 714 0.4674  
551 972 0.0291  
552 742 0.978  
552 689 0.0248  
552 888 0.1091  
552 842 0.3193  
552 560 0.2364  
552 563 0.5657  
552 656 0.5948  
553 845 0.243  
553 824 0.5991  
553 931 0.2846  
553 666 0.4168  
553 624 0.6764  
553 655 0.6367  
554 618 0.6056  
554 891 0.4267  
554 831 0.7743  
554 871 0.0338  
555 680 0.8675  
555 947 0.7298  
555 926 0.396  
555 920 0.3326  
555 792 0.2638  
555 583 0.0915  
556 916 0.3854  
556 877 0.3012  
556 995 0.7495  
556 652 0.1698  
556 585 0.2287  
556 641 0.1752  
556 953 0.9743  
556 954 0.2932  
556 696 0.6377  
557 710 0.0585  
557 947 0.8217  
557 696 0.9729  
558 691 0.524  
558 764 0.338  
558 854 0.2807  
558 682 0.5761  
559 732 0.7696  
559 907 0.6508  
559 968 0.9928  
559 831 0.2432  
559 742 0.4203  
559 648 0.5435  
559 957 0.5324  
560 597 0.7056  
560 918 0.7113  
560 899 0.1445  
560 714 0.0932  
561 882 0.6371  
561 705 0.2524  
562 661 0.8999  
562 883 0.8126  
563 989 0.0353  
563 776 0.3764  
563 931 0.1  
563 974 0.8399  
564 643 0.3807  
564 883 0.7476  
564 739 0.1141  
564 807 0.5537  
565 640 0.779  
565 792 0.0989  
565 841 0.4524  
565 600 0.3061  
566 577 0.0473  
566 889 0.5694  
566 985 0.7592  
566 660 0.8793  
566 611 0.0023  
567 982 0.8058  
567 736 0.2328  
567 804 0.5565  
567 721 0.868  
567 600 0.7783  
567 642 0.3745  
568 867 0.3124  
568 882 0.7228  
569 628 0.1545  
569 900 0.5926  
569 671 0.7387  
569 600 0.7242  
570 792 0.5691  
570 901 0.2334  
570 623 0.5904  
571 682 0.9002  
571 638 0.5788  
572 810 0.4519  
572 823 0.7297  
572 591 0.9876  
572 771 0.603  
572 927 0.5144  
573 685 0.3125  
573 778 0.9196  
574 831 0.4826  
574 582 0.075  
574 925 0.6217  
574 746 0.7061  
574 982 0.8695  
575 908 0.9126  
575 813 0.6899  
575 611 0.8746  
575 844 0.6907  
575 586 0.4883  
575 666 0.793  
575 776 0.0181  
576 635 0.4084  
576 876 0.1895  
576 951 0.4958  
577 778 0.2894  
577 660 0.1358  
577 605 0.9344  
577 756 0.3658  
577 701 0.1419  
577 821 0.6924  
577 997 0.4575  
578 992 0.8133  
578 799 0.2552  
578 597 0.0071  
578 932 0.0295  
579 866 0.4131  
579 611 0.1834  
579 808 0.3823  
580 760 0.2853  
580 675 0.4551  
581 691 0.3322  
582 651 0.5242  
582 960 0.0585  
582 642 0.3412  
582 905 0.7314  
582 752 0.0313  
583 633 0.2613  
583 938 0.0141  
583 946 0.08  
583 696 0.1576  
583 848 0.2298  
583 608 0.6293  
584 657 0.7558  
584 630 0.0753  
584 710 0.9329  
584 855 0.2184  
585 659 0.7495  
585 733 0.8464  
585 712 0.0743  
586 970 0.5033  
586 894 0.5109  
587 755 0.6453  
587 669 0.1542  
587 809 0.1966  
587 642 0.9404  
587 631 0.3557  
587 786 0.3097  
588 730 0.77  
588 954 0.4142  
588 951 0.0314  
588 887 0.6976  
589 751 0.1421  
589 993 0.938  
589 668 0.6679  
590 916 0.8173  
590 592 0.9845  
591 714 0.0165  
591 617 0.6209  
592 922 0.7487  
592 876 0.3194  
592 967 0.3908  
593 945 0.6546  
593 723 0.9448  
594 984 0.6271  
594 674 0.2149  
595 993 0.6128  
595 938 0.5024  
596 669 0.168  
596 984 0.9319  
598 604 0.3331  
598 725 0.8517  
598 853 0.5695  
599 690 0.4201  
599 994 0.5453  
599 704 0.1476  
599 772 0.1151  
599 852 0.9062  
599 601 0.174  
599 972 0.7715  
599 699 0.6319  
600 815 0.9273  
600 753 0.7706  
601 761 0.3446  
601 950 0.1728  
601 731 0.4212  
601 644 0.7203  
601 867 0.8657  
602 812 0.5396  
602 804 0.9892  
602 980 0.012  
602 882 0.048  
603 994 0.9548  
603 921 0.0205  
604 831 0.7695  
604 845 0.911  
604 776 0.5931  
605 908 0.636  
605 726 0.5699  
605 981 0.7869  
606 814 0.8352  
606 648 0.5171  
606 734 0.925  
606 938 0.0635  
606 916 0.0873  
606 782 0.2898  
606 893 0.1829  
606 730 0.2902  
607 920 0.2201  
607 660 0.9771  
607 820 0.2387  
608 745 0.4175  
608 620 0.9735  
608 962 0.1175  
608 825 0.7778  
609 819 0.6042  
609 896 0.4864  
609 790 0.7786  
609 838 0.9756  
609 987 0.224  
609 867 0.4144  
610 899 0.4593  
610 781 0.2774  
610 864 0.0671  
611 736 0.6366  
611 813 0.1915  
611 921 0.3952  
611 612 0.4857  
611 730 0.874  
611 925 0.6163  
613 813 0.1125  
614 987 0.4704  
615 784 0.9364  
615 744 0.3324  
615 987 0.1506  
615 708 0.2678  
616 654 0.3559  
616 657 0.3887  
616 756 0.3313  
616 758 0.2884  
617 894 0.2791  
617 764 0.0831  
617 783 0.1444  
617 942 0.5918  
617 739 0.6818  
618 825 0.3754  
618 885 0.5273  
618 715 0.8648  
618 882 0.3024  
619 715 0.6095  
619 797 0.8679  
619 977 0.9754  
619 779 0.3551  
620 988 0.8677  
620 647 0.9799  
621 989 0.6877  
621 932 0.3252  
622 906 0.471  
622 625 0.8075  
622 697 0.2561  
622 919 0.7195  
622 645 0.7049  
623 829 0.4053  
623 636 0.1352  
623 931 0.481  
624 753 0.3219  
624 824 0.0696  
625 915 0.34  
625 941 0.4583  
626 698 0.4166  
626 634 0.1414  
626 909 0.0217  
627 750 0.6689  
628 907 0.3231  
628 827 0.6592  
628 844 0.9636  
629 653 0.5777  
629 684 0.9145  
629 810 0.9356  
630 697 0.2054  
630 747 0.9401  
630 930 0.1665  
630 894 0.9013  
630 896 0.8602  
630 967 0.5484  
630 838 0.6135  
631 961 0.8782  
631 739 0.9197  
631 896 0.2827  
631 785 0.844  
631 948 0.1148  
632 788 0.0932  
632 803 0.6593  
632 717 0.0552  
632 698 0.8547  
633 832 0.384  
633 788 0.0952  
633 785 0.4658  
634 722 0.8698  
634 851 0.69  
635 962 0.7124  
635 649 0.9049  
635 934 0.3073  
636 752 0.6102  
636 730 0.2269  
636 978 0.73  
637 977 0.8526  
638 741 0.6641  
638 994 0.8844  
638 941 0.9727  
638 699 0.1069  
639 882 0.0117  
639 903 0.6424  
640 935 0.8993  
640 747 0.8529  
640 745 0.6592  
640 858 0.4995  
640 824 0.4527  
641 886 0.0147  
642 952 0.0976  
642 740 0.2605  
642 831 0.8429  
643 995 0.1985  
643 979 0.5048  
643 667 0.424  
643 649 0.4034  
643 704 0.7337  
643 792 0.795  
644 834 0.8211  
645 837 0.7213  
645 941 0.6713  
645 731 0.7923  
645 772 0.6515  
645 718 0.6576  
646 731 0.3829  
646 996 0.1774  
647 761 0.4867  
647 994 0.2413  
647 957 0.1483  
648 687 0.0068  
648 946 0.6191  
648 676 0.8165  
648 677 0.1039  
648 859 0.1691  
648 948 0.8474  
648 805 0.9365  
649 742 0.01  
649 759 0.6837  
649 744 0.8835  
649 729 0.2922  
650 982 0.2826  
650 804 0.4203  
651 902 0.0476  
651 795 0.019  
651 818 0.5142  
651 919 0.3483  
652 916 0.7642  
652 960 0.8853  
653 791 0.1701  
654 767 0.864  
654 812 0.1416  
654 776 0.5371  
654 967 0.0942  
654 732 0.2217  
654 831 0.4721  
655 830 0.1764  
656 847 0.4435  
657 749 0.0172  
657 928 0.4782  
657 915 0.546  
657 967 0.2926  
658 794 0.0672  
658 909 0.228  
659 771 0.8006  
659 961 0.1519  
659 990 0.4125  
660 725 0.4416  
661 758 0.4964  
661 800 0.2629  
661 737 0.6103  
661 873 0.2615  
662 947 0.3236  
662 744 0.0324  
663 679 0.4575  
663 728 0.0314  
663 899 0.5926  
663 770 0.5622  
664 693 0.1937  
665 989 0.309  
665 783 0.4845  
666 901 0.0666  
666 880 0.4547  
667 696 0.8625  
668 947 0.5417  
668 982 0.1445  
668 923 0.7226  
669 715 0.9322  
669 902 0.5597  
670 918 0.4838  
670 744 0.2569  
670 697 0.6758  
671 821 0.5111  
672 874 0.2374  
674 790 0.7845  
674 728 0.5173  
674 840 0.1814  
676 698 0.7738  
676 700 0.148  
676 837 0.9294  
677 726 0.8671  
679 986 0.9919  
679 709 0.0418  
680 897 0.0916  
680 978 0.866  
680 782 0.5463  
681 892 0.1702  
681 708 0.5627  
681 811 0.2191  
681 711 0.8199  
682 780 0.3591  
683 782 0.6508  
683 869 0.1656  
684 885 0.6689  
684 956 0.5575  
684 964 0.8607  
684 687 0.3368  
684 795 0.6328  
685 940 0.7663  
685 987 0.2866  
685 690 0.9666  
685 883 0.7604  
686 781 0.6936  
686 905 0.0454  
688 808 0.0969  
688 764 0.285  
688 839 0.0259  
689 966 0.3411  
689 809 0.3619  
690 779 0.5988  
691 900 0.9548  
691 793 0.8519  
691 843 0.0347  
691 943 0.4942  
692 853 0.4296  
693 945 0.0366  
693 980 0.8743  
693 939 0.8991  
693 955 0.4175  
694 767 0.2805  
694 717 0.1675  
694 799 0.8121  
695 868 0.6057  
695 860 0.6678  
695 785 0.3948  
696 892 0.5643  
696 750 0.8483  
697 886 0.4151  
697 985 0.3903  
697 876 0.9282  
697 765 0.2335  
698 996 0.2918  
698 806 0.8503  
698 824 0.9803  
699 843 0.2314  
699 968 0.5264  
700 964 0.909  
700 781 0.0646  
700 745 0.1461  
700 913 0.3575  
700 879 0.2369  
701 791 0.07  
701 787 0.4261  
701 922 0.4245  
702 860 0.8164  
702 987 0.1087  
702 832 0.2302  
702 868 0.1113  
703 856 0.5503  
704 872 0.8147  
704 920 0.112  
704 760 0.5997  
704 964 0.0449  
704 862 0.621  
704 828 0.7891  
704 901 0.525  
705 724 0.289  
705 733 0.1338  
705 732 0.4241  
706 759 0.9743  
707 994 0.23  
707 965 0.8283  
708 940 0.2753  
709 928 0.5776  
709 966 0.2014  
709 989 0.6553  
710 860 0.8639  
710 996 0.9485  
710 829 0.2856  
710 934 0.1121  
711 969 0.3843  
711 895 0.7382  
711 771 0.4467  
711 941 0.3104  
711 829 0.1012  
712 876 0.7644  
712 742 0.1196  
712 879 0.482  
713 935 0.571  
713 978 0.6519  
714 982 0.1483  
714 841 0.6765  
714 936 0.3058  
715 729 0.0888  
717 965 0.168  
718 782 0.6535  
718 792 0.1066  
718 822 0.9209  
719 789 0.8141  
719 948 0.9343  
719 779 0.0586  
719 869 0.5415  
720 842 0.934  
722 781 0.9903  
722 915 0.3701  
723 865 0.6429  
723 732 0.4998  
723 809 0.4792  
723 851 0.7493  
725 837 0.1861  
726 807 0.4348  
726 789 0.4127  
727 833 0.3037  
727 941 0.0593  
727 969 0.6907  
727 891 0.2041  
728 749 0.7156  
728 888 0.7116  
728 827 0.3466  
728 898 0.0672  
728 734 0.7949  
729 933 0.5924  
729 886 0.4072  
730 732 0.4003  
730 954 0.8454  
730 865 0.4416  
731 941 0.0515  
731 754 0.5088  
731 830 0.0742  
731 777 0.301  
732 989 0.4672  
732 981 0.8624  
733 937 0.5193  
733 805 0.9625  
734 944 0.4277  
734 840 0.9791  
735 854 0.8413  
735 841 0.671  
735 880 0.5183  
735 914 0.5186  
736 876 0.5816  
736 830 0.8307  
736 930 0.4722  
736 789 0.1574  
736 933 0.8056  
737 920 0.5017  
737 882 0.8445  
737 881 0.2819  
738 833 0.487  
738 900 0.7652  
739 781 0.4128  
739 852 0.7143  
739 885 0.0619  
740 796 0.2122  
740 860 0.0946  
740 940 0.5747  
740 825 0.7395  
741 991 0.8507  
741 829 0.7392  
741 979 0.1075  
741 982 0.5316  
741 789 0.1397  
741 825 0.8837  
742 874 0.7611  
742 793 0.8605  
742 906 0.4829  
743 912 0.2658  
744 833 0.2335  
744 972 0.6579  
745 925 0.6626  
746 754 0.4338  
746 957 0.9063  
747 820 0.6432  
747 920 0.3364  
748 779 0.5248  
748 977 0.1132  
749 964 0.3025  
749 778 0.0276  
750 992 0.844  
750 929 0.618  
750 870 0.6707  
751 948 0.7089  
752 756 0.3174  
753 835 0.2897  
753 764 0.2242  
753 785 0.1581  
754 966 0.9995  
755 963 0.9847  
756 778 0.5738  
756 839 0.6577  
757 847 0.4707  
758 887 0.5743  
758 770 0.8464  
759 988 0.1603  
759 904 0.619  
760 946 0.348  
760 916 0.1931  
761 948 0.0113  
761 950 0.6999  
762 815 0.6894  
762 894 0.5374  
762 816 0.4773  
762 803 0.0192  
763 941 0.544  
764 871 0.787  
764 891 0.778  
764 927 0.8543  
764 945 0.2594  
766 827 0.5702  
766 846 0.3883  
766 875 0.8453  
767 768 0.5166  
768 862 0.7813  
768 984 0.3126  
768 788 0.5192  
769 781 0.9737  
769 944 0.6187  
770 973 0.0726  
770 943 0.6773  
771 855 0.2796  
771 801 0.422  
771 959 0.9634  
771 981 0.2394  
772 918 0.602  
772 982 0.1836  
772 950 0.9228  
773 972 0.1372  
774 939 0.5391  
774 777 0.8532  
774 838 0.3425  
775 932 0.9254  
775 928 0.5013  
775 998 0.5667  
775 986 0.5865  
776 911 0.8852  
777 993 0.9626  
777 853 0.9859  
777 826 0.8427  
778 895 0.8035  
778 896 0.8745  
779 814 0.3467  
779 995 0.3717  
779 893 0.2495  
779 825 0.6341  
781 845 0.3682  
781 842 0.4099  
781 856 0.8964  
782 877 0.3591  
782 875 0.7877  
782 979 0.7175  
783 828 0.8428  
783 883 0.9803  
783 903 0.2706  
783 980 0.3059  
784 927 0.8008  
784 808 0.3048  
785 952 0.0693  
786 871 0.737  
787 803 0.7532  
787 863 0.1108  
788 851 0.8577  
789 873 0.0567  
789 975 0.8469  
790 827 0.9272  
792 860 0.2984  
792 904 0.3261  
793 929 0.7972  
793 909 0.1212  
793 808 0.6303  
794 844 0.3796  
794 835 0.3786  
795 990 0.2251  
796 903 0.577  
797 856 0.7598  
798 991 0.0392  
798 871 0.9488  
798 883 0.5485  
799 948 0.5321  
800 810 0.7826  
800 992 0.8118  
801 983 0.0217  
802 962 0.8515  
802 871 0.7443  
802 876 0.8267  
804 914 0.7968  
804 874 0.9577  
804 924 0.4544  
805 938 0.1137  
805 878 0.9067  
805 974 0.2875  
806 831 0.0695  
806 904 0.0696  
808 947 0.145  
808 964 0.6793  
808 958 0.0076  
808 968 0.8784  
808 810 0.88  
809 948 0.0789  
809 975 0.3494  
809 900 0.1109  
810 950 0.371  
810 945 0.1911  
810 822 0.4746  
810 996 0.5359  
811 914 0.4312  
812 824 0.496  
813 869 0.3832  
814 994 0.5496  
814 957 0.3552  
814 944 0.6806  
814 948 0.0908  
815 940 0.8423  
815 962 0.7965  
816 971 0.9369  
816 836 0.1101  
816 855 0.3181  
818 953 0.886  
818 848 0.5104  
818 901 0.1649  
819 888 0.2005  
819 994 0.8767  
819 978 0.1567  
820 846 0.2222  
821 940 0.6587  
823 930 0.0  
823 873 0.8476  
824 997 0.8902  
824 833 0.6611  
825 958 0.2517  
826 865 0.0776  
828 979 0.1334  
828 847 0.8604  
830 874 0.0364  
830 984 0.7749  
830 996 0.4706  
831 997 0.3542  
832 979 0.0342  
833 978 0.8447  
834 847 0.0088  
834 925 0.9518  
834 928 0.544  
836 979 0.7134  
837 838 0.9702  
837 887 0.2507  
837 979 0.869  
837 918 0.1476  
838 948 0.0068  
838 900 0.0219  
841 916 0.9164  
842 902 0.2234  
843 992 0.121  
843 977 0.3103  
843 907 0.9636  
844 864 0.789  
845 991 0.6436  
847 890 0.058  
848 889 0.2626  
848 851 0.9671  
848 856 0.2516  
848 895 0.8642  
849 995 0.4914  
849 932 0.7219  
853 880 0.0259  
855 858 0.3115  
856 952 0.6753  
857 976 0.8937  
858 876 0.0771  
859 947 0.5129  
860 920 0.607  
861 971 0.4916  
862 894 0.7762  
864 972 0.2155  
864 980 0.5995  
865 867 0.25  
866 913 0.0786  
866 877 0.0161  
866 881 0.0764  
868 903 0.3969  
868 953 0.9847  
875 959 0.792  
875 915 0.1884  
879 984 0.261  
879 992 0.6908  
884 911 0.8544  
884 903 0.7761  
886 890 0.1281  
887 906 0.6035  
888 946 0.3958  
891 920 0.2409  
891 989 0.7584  
892 965 0.1733  
892 894 0.5817  
895 926 0.2296  
896 908 0.1243  
898 960 0.0542  
898 955 0.2801  
898 912 0.129  
900 985 0.2402  
901 955 0.2145  
902 979 0.9314  
904 943 0.5642  
905 945 0.6414  
906 959 0.7115  
908 913 0.5822  
908 944 0.3322  
909 999 0.0929  
913 978 0.2696  
915 920 0.1281  
916 967 0.1006  
916 948 0.1633  
916 924 0.4639  
917 997 0.0079  
919 951 0.5302  
919 961 0.782  
923 957 0.0157  
925 973 0.065  
930 946 0.133  
930 982 0.1415  
934 989 0.7045  
939 986 0.2651  
939 972 0.6419  
939 949 0.4345  
940 973 0.8956  
940 959 0.2351  
947 986 0.8835  
947 995 0.934  
949 952 0.8273  
951 980 0.1824  
951 960 0.0152  
955 963 0.8886  
955 980 0.608  
955 982 0.6515  
957 980 0.0359  
959 983 0.3267  
961 977 0.1249  
961 962 0.8304  
965 991 0.2242  
966 977 0.1235  
967 974 0.6122  
967 989 0.4533  
984 992 0.4881  
987 997 0.0057  
